012212122122122002212222100122001210000010022222122222200121
101221212212212200222222210012000121000021002222211222220012
210122121221221220022222221001000012100012100222222122222001
221012212122122122001222222100000001210021210022221212222200
122101221202212212200122222210000000121022121002220121222220
212210122100221221220012222221000000012122212100220012122222
121221012220022122121001222222100000001222221210022001212222
212122101222002212212100122222210000000122222121002200121222
221212210112200221222210012222121000000002222212102220012122
122121221021220022122221001222012100000000222221212222001212
212200221202001210021100222001222222100112220122022102221202
221220022120200121001110022200122222210021222012202210222120
122122002202020012100111002220012222221002122201220221022212
212212200200202001210011100222001222222120212220122022102221
221221220010020200122001110022100122222222021222011202210222
022122122021002020012200111002210012222212202122202120221022
002212212212100202002220011100221001222201220212222212022102
200221221201210020200222001110222100122220122021222221202210
220022122100121002020022200111222210012222012202120222120221
122002212220012100201002220011222221001222201220211022212022
222100122211002220010200121002212212200222120221022202122201
222210012211100222002020012100221221220022212022101220212220
222221001201110022200202001210022122122002221202210122021222
222222100100111002220020200121002212212210222120222012202122
122222210020011100221002020012200221221221022212022201220212
012222221022001110022100202001220022122122102221202220122021
001222222122200111001210020200122002212202210222121222012202
100122222202220011100121002020212200221220221022212122201220
210012222200222001110012100202221220022112022102220212220122
221001222210022200112001210020122122002221202210222021222012
000000121021001222222200221221012212122112122222002100222221
000000012122100122221220022122101221212201212222201210022222
100000001222210012222122002212210122121200121222222121002222
210000000122221001222212200221221012212120012122222212100222
121000000022222100121221220022122101221222001212222221210022
012100000022222210012122122002212210122122200121222222121002
001210000012222221002212212200121221012222220012122222212100
000121000001222222100221221220212122101222222001210222221210
000012100000122222210022122122221212210112222200120022222121
000001210010012222222002212212122121221021222220011002222212
121222220012022102222201220212100222221202202020221021112010
012122222021202210222220122021210022222120220202020102111201
001212222222120221021222012202121002222222022020201010211120
200121222222212022102122201220212100222202202202020101021112
220012122202221202210212220122221210022220220220202010102111
222001212210222120222021222012222121002202022022021201010211
222200121221022212022202122201222212100220202202201120101021
222220012122102221201220212220222221210002020220221112010102
122222001202210222120122021222022222121020202022022111201010
212222200120221022212012202122002222212122020202200211120101
212100222222021222012102221202212222200110102111200220202022
221210022212202122202210222120121222220001010211122022020202
222121002201220212220221022212012122222020101021112202202020
222212100220122021222022102221001212222212010102110220220202
222221210022012202121202210222200121222211201010212022022020
022222121022201220212120221022220012122211120101020202202202
002222212112220122022212022102222001212221112010102020220220
100222221221222012202221202210222200121202111201010202022022
210022222102122201220222120221222220012110211120102020202202
121002222220212220121022212022122222001201021112012202020220
