00220202102022220122222022121212122022222102222220122222022021212122121010110101212212121202202222210222222012222202212121212202222210222202012020220
00022020210202222012222202212121212202222210222222012222202202121212212101011010121221212120220222221022222201222220221212121220222221022220201202022
20002202021020222201222220221212121220222221022222201222220220212121221210101101012122121212022022222102222220122222022121212122022222102222020120202
22000220202102022220122222022121212122022222102222220122222022021212122121010110101212212121202202222210222222012222202212121212202222210222202012020
02200022020210202222012222202212121212202222210222222012222202202121212212101011010121221212120220222221022222201222220221212121220222221022220201202
20220002202021020222201222220221212121220222221022222201222220220212121221210101101012122121212022022222102222220122222022121212122022222102222020120
02022000220202102022220122222022121212122022222102222220122222022021212122121010110101212212121202202222210222222012222202212121212202222210222202012
20202200022020210202222012222202212121212202222210222222012222202202121212212101011010121221212120220222221022222201222220221212121220222221022220201
12020220002202021020222201222220221212121220222221022222201222220220212121221210101101012122121212022022222102222220122222022121212122022222102222020
01202022000220202102022220122222022121212122022222102222220122222022021212122121010110101212212121202202222210222222012222202212121212202222210222202
20120202200022020210202222012222202212121212202222210222222012222202202121212212101011010121221212120220222221022222201222220221212121220222221022220
02012020220002202021020222201222220221212121220222221022222201222220220212121221210101101012122121212022022222102222220122222022121212122022222102222
20201202022000220202102022220122222022121212122022222102222220122222022021212122121010110101212212121202202222210222222012222202212121212202222210222
22020120202200022020210202222012222202212121212202222210222222012222202202121212212101011010121221212120220222221022222201222220221212121220222221022
22202012020220002202021020222201222220221212121220222221022222201222220220212121221210101101012122121212022022222102222220122222022121212122022222102
22220201202022000220202102022220122222022121212122022222102222220122222022021212122121010110101212212121202202222210222222012222202212121212202222210
02222020120202200022020210202222012222202212121212202222210222222012222202202121212212101011010121221212120220222221022222201222220221212121220222221
10222202012020220002202021020222201222220221212121220222221022222201222220220212121221210101101012122121212022022222102222220122222022121212122022222
21022220201202022000220202102022220122222022121212122022222102222220122222022021212122121010110101212212121202202222210222222012222202212121212202222
22102222020120202200022020210202222012222202212121212202222210222222012222202202121212212101011010121221212120220222221022222201222220221212121220222
22210222202012020220002202021020222201222220221212121220222221022222201222220220212121221210101101012122121212022022222102222220122222022121212122022
22221022220201202022000220202102022220122222022121212122022222102222220122222022021212122121010110101212212121202202222210222222012222202212121212202
22222102222020120202200022020210202222012222202212121212202222210222222012222202202121212212101011010121221212120220222221022222201222220221212121220
02222210222202012020220002202021020222201222220221212121220222221022222201222220220212121221210101101012122121212022022222102222220122222022121212122
20222221022220201202022000220202102022220122222022121212122022222102222220122222022021212122121010110101212212121202202222210222222012222202212121212
22022222102222020120202200022020210202222012222202212121212202222210222222012222202202121212212101011010121221212120220222221022222201222220221212121
12202222210222202012020220002202021020222201222220221212121220222221022222201222220220212121221210101101012122121212022022222102222220122222022121212
21220222221022220201202022000220202102022220122222022121212122022222102222220122222022021212122121010110101212212121202202222210222222012222202212121
12122022222102222020120202200022020210202222012222202212121212202222210222222012222202202121212212101011010121221212120220222221022222201222220221212
21212202222210222202012020220002202021020222201222220221212121220222221022222201222220220212121221210101101012122121212022022222102222220122222022121
12121220222221022220201202022000220202102022220122222022121212122022222102222220122222022021212122121010110101212212121202202222210222222012222202212
21212122022222102222020120202200022020210202222012222202212121212202222210222222012222202202121212212101011010121221212120220222221022222201222220221
12121212202222210222202012020220002202021020222201222220221212121220222221022222201222220220212121221210101101012122121212022022222102222220122222022
21212121220222221022220201202022000220202102022220122222022121212122022222102222220122222022021212122121010110101212212121202202222210222222012222202
22121212122022222102222020120202200022020210202222012222202212121212202222210222222012222202202121212212101011010121221212120220222221022222201222220
02212121212202222210222202012020220002202021020222201222220221212121220222221022222201222220220212121221210101101012122121212022022222102222220122222
20221212121220222221022220201202022000220202102022220122222022121212122022222102222220122222022021212122121010110101212212121202202222210222222012222
22022121212122022222102222020120202200022020210202222012222202212121212202222210222222012222202202121212212101011010121221212120220222221022222201222
22202212121212202222210222202012020220002202021020222201222220221212121220222221022222201222220220212121221210101101012122121212022022222102222220122
22220221212121220222221022220201202022000220202102022220122222022121212122022222102222220122222022021212122121010110101212212121202202222210222222012
22222022121212122022222102222020120202200022020210202222012222202212121212202222210222222012222202202121212212101011010121221212120220222221022222201
12222202212121212202222210222202012020220002202021020222201222220221212121220222221022222201222220220212121221210101101012122121212022022222102222220
01222220221212121220222221022220201202022000220202102022220122222022121212122022222102222220122222022021212122121010110101212212121202202222210222222
20122222022121212122022222102222020120202200022020210202222012222202212121212202222210222222012222202202121212212101011010121221212120220222221022222
22012222202212121212202222210222202012020220002202021020222201222220221212121220222221022222201222220220212121221210101101012122121212022022222102222
22201222220221212121220222221022220201202022000220202102022220122222022121212122022222102222220122222022021212122121010110101212212121202202222210222
22220122222022121212122022222102222020120202200022020210202222012222202212121212202222210222222012222202202121212212101011010121221212120220222221022
22222012222202212121212202222210222202012020220002202021020222201222220221212121220222221022222201222220220212121221210101101012122121212022022222102
22222201222220221212121220222221022220201202022000220202102022220122222022121212122022222102222220122222022021212122121010110101212212121202202222210
02222220122222022121212122022222102222020120202200022020210202222012222202212121212202222210222222012222202202121212212101011010121221212120220222221
10222222012222202212121212202222210222202012020220002202021020222201222220221212121220222221022222201222220220212121221210101101012122121212022022222
21022222201222220221212121220222221022220201202022000220202102022220122222022121212122022222102222220122222022021212122121010110101212212121202202222
22102222220122222022121212122022222102222020120202200022020210202222012222202212121212202222210222222012222202202121212212101011010121221212120220222
22210222222012222202212121212202222210222202012020220002202021020222201222220221212121220222221022222201222220220212121221210101101012122121212022022
22221022222201222220221212121220222221022220201202022000220202102022220122222022121212122022222102222220122222022021212122121010110101212212121202202
22222102222220122222022121212122022222102222020120202200022020210202222012222202212121212202222210222222012222202202121212212101011010121221212120220
02222210222222012222202212121212202222210222202012020220002202021020222201222220221212121220222221022222201222220220212121221210101101012122121212022
20222221022222201222220221212121220222221022220201202022000220202102022220122222022121212122022222102222220122222022021212122121010110101212212121202
22022222102222220122222022121212122022222102222020120202200022020210202222012222202212121212202222210222222012222202202121212212101011010121221212120
02202222210222222012222202212121212202222210222202012020220002202021020222201222220221212121220222221022222201222220220212121221210101101012122121212
20220222221022222201222220221212121220222221022220201202022000220202102022220122222022121212122022222102222220122222022021212122121010110101212212121
12022022222102222220122222022121212122022222102222020120202200022020210202222012222202212121212202222210222222012222202202121212212101011010121221212
21202202222210222222012222202212121212202222210222202012020220002202021020222201222220221212121220222221022222201222220220212121221210101101012122121
12120220222221022222201222220221212121220222221022220201202022000220202102022220122222022121212122022222102222220122222022021212122121010110101212212
21212022022222102222220122222022121212122022222102222020120202200022020210202222012222202212121212202222210222222012222202202121212212101011010121221
12121202202222210222222012222202212121212202222210222202012020220002202021020222201222220221212121220222221022222201222220220212121221210101101012122
21212120220222221022222201222220221212121220222221022220201202022000220202102022220122222022121212122022222102222220122222022021212122121010110101212
22121212022022222102222220122222022121212122022222102222020120202200022020210202222012222202212121212202222210222222012222202202121212212101011010121
12212121202202222210222222012222202212121212202222210222202012020220002202021020222201222220221212121220222221022222201222220220212121221210101101012
21221212120220222221022222201222220221212121220222221022220201202022000220202102022220122222022121212122022222102222220122222022021212122121010110101
12122121212022022222102222220122222022121212122022222102222020120202200022020210202222012222202212121212202222210222222012222202202121212212101011010
01212212121202202222210222222012222202212121212202222210222202012020220002202021020222201222220221212121220222221022222201222220220212121221210101101
10121221212120220222221022222201222220221212121220222221022220201202022000220202102022220122222022121212122022222102222220122222022021212122121010110
01012122121212022022222102222220122222022121212122022222102222020120202200022020210202222012222202212121212202222210222222012222202202121212212101011
10101212212121202202222210222222012222202212121212202222210222202012020220002202021020222201222220221212121220222221022222201222220220212121221210101
11010121221212120220222221022222201222220221212121220222221022220201202022000220202102022220122222022121212122022222102222220122222022021212122121010
01101012122121212022022222102222220122222022121212122022222102222020120202200022020210202222012222202212121212202222210222222012222202202121212212101
10110101212212121202202222210222222012222202212121212202222210222202012020220002202021020222201222220221212121220222221022222201222220220212121221210
01011010121221212120220222221022222201222220221212121220222221022220201202022000220202102022220122222022121212122022222102222220122222022021212122121
10101101012122121212022022222102222220122222022121212122022222102222020120202200022020210202222012222202212121212202222210222222012222202202121212212
21010110101212212121202202222210222222012222202212121212202222210222202012020220002202021020222201222220221212121220222221022222201222220220212121221
12101011010121221212120220222221022222201222220221212121220222221022220201202022000220202102022220122222022121212122022222102222220122222022021212122
21210101101012122121212022022222102222220122222022121212122022222102222020120202200022020210202222012222202212121212202222210222222012222202202121212
22121010110101212212121202202222210222222012222202212121212202222210222202012020220002202021020222201222220221212121220222221022222201222220220212121
12212101011010121221212120220222221022222201222220221212121220222221022220201202022000220202102022220122222022121212122022222102222220122222022021212
21221210101101012122121212022022222102222220122222022121212122022222102222020120202200022020210202222012222202212121212202222210222222012222202202121
12122121010110101212212121202202222210222222012222202212121212202222210222202012020220002202021020222201222220221212121220222221022222201222220220212
21212212101011010121221212120220222221022222201222220221212121220222221022220201202022000220202102022220122222022121212122022222102222220122222022021
12121221210101101012122121212022022222102222220122222022121212122022222102222020120202200022020210202222012222202212121212202222210222222012222202202
21212122121010110101212212121202202222210222222012222202212121212202222210222202012020220002202021020222201222220221212121220222221022222201222220220
02121212212101011010121221212120220222221022222201222220221212121220222221022220201202022000220202102022220122222022121212122022222102222220122222022
20212121221210101101012122121212022022222102222220122222022121212122022222102222020120202200022020210202222012222202212121212202222210222222012222202
22021212122121010110101212212121202202222210222222012222202212121212202222210222202012020220002202021020222201222220221212121220222221022222201222220
02202121212212101011010121221212120220222221022222201222220221212121220222221022220201202022000220202102022220122222022121212122022222102222220122222
20220212121221210101101012122121212022022222102222220122222022121212122022222102222020120202200022020210202222012222202212121212202222210222222012222
22022021212122121010110101212212121202202222210222222012222202212121212202222210222202012020220002202021020222201222220221212121220222221022222201222
22202202121212212101011010121221212120220222221022222201222220221212121220222221022220201202022000220202102022220122222022121212122022222102222220122
22220220212121221210101101012122121212022022222102222220122222022121212122022222102222020120202200022020210202222012222202212121212202222210222222012
22222022021212122121010110101212212121202202222210222222012222202212121212202222210222202012020220002202021020222201222220221212121220222221022222201
12222202202121212212101011010121221212120220222221022222201222220221212121220222221022220201202022000220202102022220122222022121212122022222102222220
01222220220212121221210101101012122121212022022222102222220122222022121212122022222102222020120202200022020210202222012222202212121212202222210222222
20122222022021212122121010110101212212121202202222210222222012222202212121212202222210222202012020220002202021020222201222220221212121220222221022222
22012222202202121212212101011010121221212120220222221022222201222220221212121220222221022220201202022000220202102022220122222022121212122022222102222
22201222220220212121221210101101012122121212022022222102222220122222022121212122022222102222020120202200022020210202222012222202212121212202222210222
22220122222022021212122121010110101212212121202202222210222222012222202212121212202222210222202012020220002202021020222201222220221212121220222221022
22222012222202202121212212101011010121221212120220222221022222201222220221212121220222221022220201202022000220202102022220122222022121212122022222102
22222201222220220212121221210101101012122121212022022222102222220122222022121212122022222102222020120202200022020210202222012222202212121212202222210
02222220122222022021212122121010110101212212121202202222210222222012222202212121212202222210222202012020220002202021020222201222220221212121220222221
10222222012222202202121212212101011010121221212120220222221022222201222220221212121220222221022220201202022000220202102022220122222022121212122022222
21022222201222220220212121221210101101012122121212022022222102222220122222022121212122022222102222020120202200022020210202222012222202212121212202222
22102222220122222022021212122121010110101212212121202202222210222222012222202212121212202222210222202012020220002202021020222201222220221212121220222
22210222222012222202202121212212101011010121221212120220222221022222201222220221212121220222221022220201202022000220202102022220122222022121212122022
22221022222201222220220212121221210101101012122121212022022222102222220122222022121212122022222102222020120202200022020210202222012222202212121212202
22222102222220122222022021212122121010110101212212121202202222210222222012222202212121212202222210222202012020220002202021020222201222220221212121220
02222210222222012222202202121212212101011010121221212120220222221022222201222220221212121220222221022220201202022000220202102022220122222022121212122
20222221022222201222220220212121221210101101012122121212022022222102222220122222022121212122022222102222020120202200022020210202222012222202212121212
22022222102222220122222022021212122121010110101212212121202202222210222222012222202212121212202222210222202012020220002202021020222201222220221212121
12202222210222222012222202202121212212101011010121221212120220222221022222201222220221212121220222221022220201202022000220202102022220122222022121212
21220222221022222201222220220212121221210101101012122121212022022222102222220122222022121212122022222102222020120202200022020210202222012222202212121
12122022222102222220122222022021212122121010110101212212121202202222210222222012222202212121212202222210222202012020220002202021020222201222220221212
21212202222210222222012222202202121212212101011010121221212120220222221022222201222220221212121220222221022220201202022000220202102022220122222022121
12121220222221022222201222220220212121221210101101012122121212022022222102222220122222022121212122022222102222020120202200022020210202222012222202212
21212122022222102222220122222022021212122121010110101212212121202202222210222222012222202212121212202222210222202012020220002202021020222201222220221
12121212202222210222222012222202202121212212101011010121221212120220222221022222201222220221212121220222221022220201202022000220202102022220122222022
21212121220222221022222201222220220212121221210101101012122121212022022222102222220122222022121212122022222102222020120202200022020210202222012222202
22121212122022222102222220122222022021212122121010110101212212121202202222210222222012222202212121212202222210222202012020220002202021020222201222220
02212121212202222210222222012222202202121212212101011010121221212120220222221022222201222220221212121220222221022220201202022000220202102022220122222
20221212121220222221022222201222220220212121221210101101012122121212022022222102222220122222022121212122022222102222020120202200022020210202222012222
22022121212122022222102222220122222022021212122121010110101212212121202202222210222222012222202212121212202222210222202012020220002202021020222201222
22202212121212202222210222222012222202202121212212101011010121221212120220222221022222201222220221212121220222221022220201202022000220202102022220122
22220221212121220222221022222201222220220212121221210101101012122121212022022222102222220122222022121212122022222102222020120202200022020210202222012
22222022121212122022222102222220122222022021212122121010110101212212121202202222210222222012222202212121212202222210222202012020220002202021020222201
12222202212121212202222210222222012222202202121212212101011010121221212120220222221022222201222220221212121220222221022220201202022000220202102022220
01222220221212121220222221022222201222220220212121221210101101012122121212022022222102222220122222022121212122022222102222020120202200022020210202222
20122222022121212122022222102222220122222022021212122121010110101212212121202202222210222222012222202212121212202222210222202012020220002202021020222
22012222202212121212202222210222222012222202202121212212101011010121221212120220222221022222201222220221212121220222221022220201202022000220202102022
22201222220221212121220222221022222201222220220212121221210101101012122121212022022222102222220122222022121212122022222102222020120202200022020210202
22220122222022121212122022222102222220122222022021212122121010110101212212121202202222210222222012222202212121212202222210222202012020220002202021020
02222012222202212121212202222210222222012222202202121212212101011010121221212120220222221022222201222220221212121220222221022220201202022000220202102
20222201222220221212121220222221022222201222220220212121221210101101012122121212022022222102222220122222022121212122022222102222020120202200022020210
02022220122222022121212122022222102222220122222022021212122121010110101212212121202202222210222222012222202212121212202222210222202012020220002202021
10202222012222202212121212202222210222222012222202202121212212101011010121221212120220222221022222201222220221212121220222221022220201202022000220202
21020222201222220221212121220222221022222201222220220212121221210101101012122121212022022222102222220122222022121212122022222102222020120202200022020
02102022220122222022121212122022222102222220122222022021212122121010110101212212121202202222210222222012222202212121212202222210222202012020220002202
20210202222012222202212121212202222210222222012222202202121212212101011010121221212120220222221022222201222220221212121220222221022220201202022000220
02021020222201222220221212121220222221022222201222220220212121221210101101012122121212022022222102222220122222022121212122022222102222020120202200022
20202102022220122222022121212122022222102222220122222022021212122121010110101212212121202202222210222222012222202212121212202222210222202012020220002
22020210202222012222202212121212202222210222222012222202202121212212101011010121221212120220222221022222201222220221212121220222221022220201202022000
02202021020222201222220221212121220222221022222201222220220212121221210101101012122121212022022222102222220122222022121212122022222102222020120202200
