0021220212122221110221102122221112201021220212222022020122201010220111202112211202111022010102221020220222212022120102211122221201122011122221212022120
0002122021212222111022110212222111220102122021222202202012220101022011120211221120211102201010222102022022221202212010221112222120112201112222121202212
2000212202121222211102211021222211122010212202122220220201222010102201112021122112021110220101022210202202222120221201022111222212011220111222212120221
1200021220212122221110221102122221112201021220212222022020122201010220111202112211202111022010102221020220222212022120102211122221201122011122221212022
2120002122021212222111022110212222111220102122021222202202012220101022011120211221120211102201010222102022022221202212010221112222120112201112222121202
2212000212202121222211102211021222211122010212202122220220201222010102201112021122112021110220101022210202202222120221201022111222212011220111222212120
0221200021220212122221110221102122221112201021220212222022020122201010220111202112211202111022010102221020220222212022120102211122221201122011122221212
2022120002122021212222111022110212222111220102122021222202202012220101022011120211221120211102201010222102022022221202212010221112222120112201112222121
1202212000212202121222211102211021222211122010212202122220220201222010102201112021122112021110220101022210202202222120221201022111222212011220111222212
2120221200021220212122221110221102122221112201021220212222022020122201010220111202112211202111022010102221020220222212022120102211122221201122011122221
1212022120002122021212222111022110212222111220102122021222202202012220101022011120211221120211102201010222102022022221202212010221112222120112201112222
2121202212000212202121222211102211021222211122010212202122220220201222010102201112021122112021110220101022210202202222120221201022111222212011220111222
2212120221200021220212122221110221102122221112201021220212222022020122201010220111202112211202111022010102221020220222212022120102211122221201122011122
2221212022120002122021212222111022110212222111220102122021222202202012220101022011120211221120211102201010222102022022221202212010221112222120112201112
2222121202212000212202121222211102211021222211122010212202122220220201222010102201112021122112021110220101022210202202222120221201022111222212011220111
1222212120221200021220212122221110221102122221112201021220212222022020122201010220111202112211202111022010102221020220222212022120102211122221201122011
1122221212022120002122021212222111022110212222111220102122021222202202012220101022011120211221120211102201010222102022022221202212010221112222120112201
1112222121202212000212202121222211102211021222211122010212202122220220201222010102201112021122112021110220101022210202202222120221201022111222212011220
0111222212120221200021220212122221110221102122221112201021220212222022020122201010220111202112211202111022010102221020220222212022120102211122221201122
2011122221212022120002122021212222111022110212222111220102122021222202202012220101022011120211221120211102201010222102022022221202212010221112222120112
2201112222121202212000212202121222211102211021222211122010212202122220220201222010102201112021122112021110220101022210202202222120221201022111222212011
1220111222212120221200021220212122221110221102122221112201021220212222022020122201010220111202112211202111022010102221020220222212022120102211122221201
1122011122221212022120002122021212222111022110212222111220102122021222202202012220101022011120211221120211102201010222102022022221202212010221112222120
0112201112222121202212000212202121222211102211021222211122010212202122220220201222010102201112021122112021110220101022210202202222120221201022111222212
2011220111222212120221200021220212122221110221102122221112201021220212222022020122201010220111202112211202111022010102221020220222212022120102211122221
1201122011122221212022120002122021212222111022110212222111220102122021222202202012220101022011120211221120211102201010222102022022221202212010221112222
2120112201112222121202212000212202121222211102211021222211122010212202122220220201222010102201112021122112021110220101022210202202222120221201022111222
2212011220111222212120221200021220212122221110221102122221112201021220212222022020122201010220111202112211202111022010102221020220222212022120102211122
2221201122011122221212022120002122021212222111022110212222111220102122021222202202012220101022011120211221120211102201010222102022022221202212010221112
2222120112201112222121202212000212202121222211102211021222211122010212202122220220201222010102201112021122112021110220101022210202202222120221201022111
1222212011220111222212120221200021220212122221110221102122221112201021220212222022020122201010220111202112211202111022010102221020220222212022120102211
1122221201122011122221212022120002122021212222111022110212222111220102122021222202202012220101022011120211221120211102201010222102022022221202212010221
1112222120112201112222121202212000212202121222211102211021222211122010212202122220220201222010102201112021122112021110220101022210202202222120221201022
2111222212011220111222212120221200021220212122221110221102122221112201021220212222022020122201010220111202112211202111022010102221020220222212022120102
2211122221201122011122221212022120002122021212222111022110212222111220102122021222202202012220101022011120211221120211102201010222102022022221202212010
0221112222120112201112222121202212000212202121222211102211021222211122010212202122220220201222010102201112021122112021110220101022210202202222120221201
1022111222212011220111222212120221200021220212122221110221102122221112201021220212222022020122201010220111202112211202111022010102221020220222212022120
0102211122221201122011122221212022120002122021212222111022110212222111220102122021222202202012220101022011120211221120211102201010222102022022221202212
2010221112222120112201112222121202212000212202121222211102211021222211122010212202122220220201222010102201112021122112021110220101022210202202222120221
1201022111222212011220111222212120221200021220212122221110221102122221112201021220212222022020122201010220111202112211202111022010102221020220222212022
2120102211122221201122011122221212022120002122021212222111022110212222111220102122021222202202012220101022011120211221120211102201010222102022022221202
2212010221112222120112201112222121202212000212202121222211102211021222211122010212202122220220201222010102201112021122112021110220101022210202202222120
0221201022111222212011220111222212120221200021220212122221110221102122221112201021220212222022020122201010220111202112211202111022010102221020220222212
2022120102211122221201122011122221212022120002122021212222111022110212222111220102122021222202202012220101022011120211221120211102201010222102022022221
1202212010221112222120112201112222121202212000212202121222211102211021222211122010212202122220220201222010102201112021122112021110220101022210202202222
2120221201022111222212011220111222212120221200021220212122221110221102122221112201021220212222022020122201010220111202112211202111022010102221020220222
2212022120102211122221201122011122221212022120002122021212222111022110212222111220102122021222202202012220101022011120211221120211102201010222102022022
2221202212010221112222120112201112222121202212000212202121222211102211021222211122010212202122220220201222010102201112021122112021110220101022210202202
2222120221201022111222212011220111222212120221200021220212122221110221102122221112201021220212222022020122201010220111202112211202111022010102221020220
0222212022120102211122221201122011122221212022120002122021212222111022110212222111220102122021222202202012220101022011120211221120211102201010222102022
2022221202212010221112222120112201112222121202212000212202121222211102211021222211122010212202122220220201222010102201112021122112021110220101022210202
2202222120221201022111222212011220111222212120221200021220212122221110221102122221112201021220212222022020122201010220111202112211202111022010102221020
0220222212022120102211122221201122011122221212022120002122021212222111022110212222111220102122021222202202012220101022011120211221120211102201010222102
2022022221202212010221112222120112201112222121202212000212202121222211102211021222211122010212202122220220201222010102201112021122112021110220101022210
0202202222120221201022111222212011220111222212120221200021220212122221110221102122221112201021220212222022020122201010220111202112211202111022010102221
1020220222212022120102211122221201122011122221212022120002122021212222111022110212222111220102122021222202202012220101022011120211221120211102201010222
2102022022221202212010221112222120112201112222121202212000212202121222211102211021222211122010212202122220220201222010102201112021122112021110220101022
2210202202222120221201022111222212011220111222212120221200021220212122221110221102122221112201021220212222022020122201010220111202112211202111022010102
2221020220222212022120102211122221201122011122221212022120002122021212222111022110212222111220102122021222202202012220101022011120211221120211102201010
0222102022022221202212010221112222120112201112222121202212000212202121222211102211021222211122010212202122220220201222010102201112021122112021110220101
1022210202202222120221201022111222212011220111222212120221200021220212122221110221102122221112201021220212222022020122201010220111202112211202111022010
0102221020220222212022120102211122221201122011122221212022120002122021212222111022110212222111220102122021222202202012220101022011120211221120211102201
1010222102022022221202212010221112222120112201112222121202212000212202121222211102211021222211122010212202122220220201222010102201112021122112021110220
0101022210202202222120221201022111222212011220111222212120221200021220212122221110221102122221112201021220212222022020122201010220111202112211202111022
2010102221020220222212022120102211122221201122011122221212022120002122021212222111022110212222111220102122021222202202012220101022011120211221120211102
2201010222102022022221202212010221112222120112201112222121202212000212202121222211102211021222211122010212202122220220201222010102201112021122112021110
0220101022210202202222120221201022111222212011220111222212120221200021220212122221110221102122221112201021220212222022020122201010220111202112211202111
1022010102221020220222212022120102211122221201122011122221212022120002122021212222111022110212222111220102122021222202202012220101022011120211221120211
1102201010222102022022221202212010221112222120112201112222121202212000212202121222211102211021222211122010212202122220220201222010102201112021122112021
1110220101022210202202222120221201022111222212011220111222212120221200021220212122221110221102122221112201021220212222022020122201010220111202112211202
2111022010102221020220222212022120102211122221201122011122221212022120002122021212222111022110212222111220102122021222202202012220101022011120211221120
0211102201010222102022022221202212010221112222120112201112222121202212000212202121222211102211021222211122010212202122220220201222010102201112021122112
2021110220101022210202202222120221201022111222212011220111222212120221200021220212122221110221102122221112201021220212222022020122201010220111202112211
1202111022010102221020220222212022120102211122221201122011122221212022120002122021212222111022110212222111220102122021222202202012220101022011120211221
1120211102201010222102022022221202212010221112222120112201112222121202212000212202121222211102211021222211122010212202122220220201222010102201112021122
2112021110220101022210202202222120221201022111222212011220111222212120221200021220212122221110221102122221112201021220212222022020122201010220111202112
2211202111022010102221020220222212022120102211122221201122011122221212022120002122021212222111022110212222111220102122021222202202012220101022011120211
1221120211102201010222102022022221202212010221112222120112201112222121202212000212202121222211102211021222211122010212202122220220201222010102201112021
1122112021110220101022210202202222120221201022111222212011220111222212120221200021220212122221110221102122221112201021220212222022020122201010220111202
2112211202111022010102221020220222212022120102211122221201122011122221212022120002122021212222111022110212222111220102122021222202202012220101022011120
0211221120211102201010222102022022221202212010221112222120112201112222121202212000212202121222211102211021222211122010212202122220220201222010102201112
2021122112021110220101022210202202222120221201022111222212011220111222212120221200021220212122221110221102122221112201021220212222022020122201010220111
1202112211202111022010102221020220222212022120102211122221201122011122221212022120002122021212222111022110212222111220102122021222202202012220101022011
1120211221120211102201010222102022022221202212010221112222120112201112222121202212000212202121222211102211021222211122010212202122220220201222010102201
1112021122112021110220101022210202202222120221201022111222212011220111222212120221200021220212122221110221102122221112201021220212222022020122201010220
0111202112211202111022010102221020220222212022120102211122221201122011122221212022120002122021212222111022110212222111220102122021222202202012220101022
2011120211221120211102201010222102022022221202212010221112222120112201112222121202212000212202121222211102211021222211122010212202122220220201222010102
2201112021122112021110220101022210202202222120221201022111222212011220111222212120221200021220212122221110221102122221112201021220212222022020122201010
0220111202112211202111022010102221020220222212022120102211122221201122011122221212022120002122021212222111022110212222111220102122021222202202012220101
1022011120211221120211102201010222102022022221202212010221112222120112201112222121202212000212202121222211102211021222211122010212202122220220201222010
0102201112021122112021110220101022210202202222120221201022111222212011220111222212120221200021220212122221110221102122221112201021220212222022020122201
1010220111202112211202111022010102221020220222212022120102211122221201122011122221212022120002122021212222111022110212222111220102122021222202202012220
0101022011120211221120211102201010222102022022221202212010221112222120112201112222121202212000212202121222211102211021222211122010212202122220220201222
2010102201112021122112021110220101022210202202222120221201022111222212011220111222212120221200021220212122221110221102122221112201021220212222022020122
2201010220111202112211202111022010102221020220222212022120102211122221201122011122221212022120002122021212222111022110212222111220102122021222202202012
2220101022011120211221120211102201010222102022022221202212010221112222120112201112222121202212000212202121222211102211021222211122010212202122220220201
1222010102201112021122112021110220101022210202202222120221201022111222212011220111222212120221200021220212122221110221102122221112201021220212222022020
0122201010220111202112211202111022010102221020220222212022120102211122221201122011122221212022120002122021212222111022110212222111220102122021222202202
2012220101022011120211221120211102201010222102022022221202212010221112222120112201112222121202212000212202121222211102211021222211122010212202122220220
0201222010102201112021122112021110220101022210202202222120221201022111222212011220111222212120221200021220212122221110221102122221112201021220212222022
2020122201010220111202112211202111022010102221020220222212022120102211122221201122011122221212022120002122021212222111022110212222111220102122021222202
2202012220101022011120211221120211102201010222102022022221202212010221112222120112201112222121202212000212202121222211102211021222211122010212202122220
0220201222010102201112021122112021110220101022210202202222120221201022111222212011220111222212120221200021220212122221110221102122221112201021220212222
2022020122201010220111202112211202111022010102221020220222212022120102211122221201122011122221212022120002122021212222111022110212222111220102122021222
2202202012220101022011120211221120211102201010222102022022221202212010221112222120112201112222121202212000212202121222211102211021222211122010212202122
2220220201222010102201112021122112021110220101022210202202222120221201022111222212011220111222212120221200021220212122221110221102122221112201021220212
2222022020122201010220111202112211202111022010102221020220222212022120102211122221201122011122221212022120002122021212222111022110212222111220102122021
1222202202012220101022011120211221120211102201010222102022022221202212010221112222120112201112222121202212000212202121222211102211021222211122010212202
2122220220201222010102201112021122112021110220101022210202202222120221201022111222212011220111222212120221200021220212122221110221102122221112201021220
0212222022020122201010220111202112211202111022010102221020220222212022120102211122221201122011122221212022120002122021212222111022110212222111220102122
2021222202202012220101022011120211221120211102201010222102022022221202212010221112222120112201112222121202212000212202121222211102211021222211122010212
2202122220220201222010102201112021122112021110220101022210202202222120221201022111222212011220111222212120221200021220212122221110221102122221112201021
1220212222022020122201010220111202112211202111022010102221020220222212022120102211122221201122011122221212022120002122021212222111022110212222111220102
2122021222202202012220101022011120211221120211102201010222102022022221202212010221112222120112201112222121202212000212202121222211102211021222211122010
0212202122220220201222010102201112021122112021110220101022210202202222120221201022111222212011220111222212120221200021220212122221110221102122221112201
1021220212222022020122201010220111202112211202111022010102221020220222212022120102211122221201122011122221212022120002122021212222111022110212222111220
0102122021222202202012220101022011120211221120211102201010222102022022221202212010221112222120112201112222121202212000212202121222211102211021222211122
2010212202122220220201222010102201112021122112021110220101022210202202222120221201022111222212011220111222212120221200021220212122221110221102122221112
2201021220212222022020122201010220111202112211202111022010102221020220222212022120102211122221201122011122221212022120002122021212222111022110212222111
1220102122021222202202012220101022011120211221120211102201010222102022022221202212010221112222120112201112222121202212000212202121222211102211021222211
1122010212202122220220201222010102201112021122112021110220101022210202202222120221201022111222212011220111222212120221200021220212122221110221102122221
1112201021220212222022020122201010220111202112211202111022010102221020220222212022120102211122221201122011122221212022120002122021212222111022110212222
2111220102122021222202202012220101022011120211221120211102201010222102022022221202212010221112222120112201112222121202212000212202121222211102211021222
2211122010212202122220220201222010102201112021122112021110220101022210202202222120221201022111222212011220111222212120221200021220212122221110221102122
2221112201021220212222022020122201010220111202112211202111022010102221020220222212022120102211122221201122011122221212022120002122021212222111022110212
2222111220102122021222202202012220101022011120211221120211102201010222102022022221202212010221112222120112201112222121202212000212202121222211102211021
1222211122010212202122220220201222010102201112021122112021110220101022210202202222120221201022111222212011220111222212120221200021220212122221110221102
2122221112201021220212222022020122201010220111202112211202111022010102221020220222212022120102211122221201122011122221212022120002122021212222111022110
0212222111220102122021222202202012220101022011120211221120211102201010222102022022221202212010221112222120112201112222121202212000212202121222211102211
1021222211122010212202122220220201222010102201112021122112021110220101022210202202222120221201022111222212011220111222212120221200021220212122221110221
1102122221112201021220212222022020122201010220111202112211202111022010102221020220222212022120102211122221201122011122221212022120002122021212222111022
2110212222111220102122021222202202012220101022011120211221120211102201010222102022022221202212010221112222120112201112222121202212000212202121222211102
2211021222211122010212202122220220201222010102201112021122112021110220101022210202202222120221201022111222212011220111222212120221200021220212122221110
0221102122221112201021220212222022020122201010220111202112211202111022010102221020220222212022120102211122221201122011122221212022120002122021212222111
1022110212222111220102122021222202202012220101022011120211221120211102201010222102022022221202212010221112222120112201112222121202212000212202121222211
1102211021222211122010212202122220220201222010102201112021122112021110220101022210202202222120221201022111222212011220111222212120221200021220212122221
1110221102122221112201021220212222022020122201010220111202112211202111022010102221020220222212022120102211122221201122011122221212022120002122021212222
2111022110212222111220102122021222202202012220101022011120211221120211102201010222102022022221202212010221112222120112201112222121202212000212202121222
2211102211021222211122010212202122220220201222010102201112021122112021110220101022210202202222120221201022111222212011220111222212120221200021220212122
2221110221102122221112201021220212222022020122201010220111202112211202111022010102221020220222212022120102211122221201122011122221212022120002122021212
2222111022110212222111220102122021222202202012220101022011120211221120211102201010222102022022221202212010221112222120112201112222121202212000212202121
1222211102211021222211122010212202122220220201222010102201112021122112021110220101022210202202222120221201022111222212011220111222212120221200021220212
2122221110221102122221112201021220212222022020122201010220111202112211202111022010102221020220222212022120102211122221201122011122221212022120002122021
1212222111022110212222111220102122021222202202012220101022011120211221120211102201010222102022022221202212010221112222120112201112222121202212000212202
2121222211102211021222211122010212202122220220201222010102201112021122112021110220101022210202202222120221201022111222212011220111222212120221200021220
0212122221110221102122221112201021220212222022020122201010220111202112211202111022010102221020220222212022120102211122221201122011122221212022120002122
2021212222111022110212222111220102122021222202202012220101022011120211221120211102201010222102022022221202212010221112222120112201112222121202212000212
2202121222211102211021222211122010212202122220220201222010102201112021122112021110220101022210202202222120221201022111222212011220111222212120221200021
1220212122221110221102122221112201021220212222022020122201010220111202112211202111022010102221020220222212022120102211122221201122011122221212022120002
2122021212222111022110212222111220102122021222202202012220101022011120211221120211102201010222102022022221202212010221112222120112201112222121202212000
0212202121222211102211021222211122010212202122220220201222010102201112021122112021110220101022210202202222120221201022111222212011220111222212120221200

