0111011111111111110001011111111011111110111011111001111111111001101111111101111011111110111011110111111111111101111111110111111100011000000111011111001100
1001100110101111101100111101011110011110101111110110011011111101001011111101100110111111010111100111101011110011011111010111010010011011010111111111111111
1000010011010111110111011110101111001111010111111011001111111110100101111110110011011111101011110011110101111001101111101011001001001001111111111011001110
1100001001101011111011001111010111101111101011111101100110111111010010111111011001101111110101111001111010111100110111111101100100110100111101111101111111
0100000100110101111111100111101011110011110101111110110011011111101001111111101100110111111010111100111101011110011011111010111010011011011110111110111110
1010000010011010111111110011110101111001111010111111011001101111110100101111110110011011111101011110011110101111001101111101011101111001001111011111011100
1001000001001101011111111001111011111100111101011111111100110111111010010111111011001101111110101111001111010111100110111111101110110100101110111111101111
1100100000100110101111101100111101011110011110101111110110011011111101001011111101100111111111010111100111101011110011011111010111010010110111110111111111
1110010000110111010111110110011110101111011111010111111011001101111110100101111110110011011111101111110011110101111001101111101011111001101001111011111111
1011001000001001111011111111001111010111101111101011111101100110111111010010111111011001101111110101111001111011111100110111110111110111100100110101111101
1101100110000100110101111101100111101011110011110101111110110011011111101001011111101100110111111010111100111101011110011011111011111010010010111110111110
1010110010000110011011111110110011110101111001111010111111011001101111110100101111110110011011111101011110011110101111001101111101111101001001011111011111
1101011001000001001101011111011101111010111100111101011111101100110111111010010111111011101101111110101111001111010111100110111111111101101100101110101111
1110101110110010100110101111101100111101011111011110101111110110011011111101001011111101100110111111010111111111101011110011011111111110010010011111010111
1111010110010100011111010111110110011110101111101111010111111011001101111110111101111110110011011111101011110011110101111001101111101111001101101011110011
1111101011001000011001101111111011001111010111100111101011111101100110111111010010111111011101101111110101111001111010111100110111110111110110100101110101
1111110101100100000100110101111101100111101011110111110101111110110011011111101001011111101100110111111010111100111101011110011011111111110010010110111011
1011111011110011000010011010111110110011110101111001111010111111011001101111111100101111110110111011111101011110011110101111001111111111011111001001011101
0101111101011011000011101111011111011001111010111100111101011111101100110111111010010111111011001101111110101111001111011111100111111110111110110100100111
0110111110101110100010100110111111101100111101011110011111101111110110011011111101001011111101100110111111010111100111101011110111111111110110010010010010
0011111111010110011100010011010111110110011110101111001111010111111011001101111110100101111110110011111111111111110011110101111011111111111011001001101110
1011111111111011001000101011101011111011001111010111100111101011111101100110111111010010111111011001101111110101111001111010111111110111110111100101101111
0100111111110101101101000100110101111101100111101011110011110101111110110011011111101011011111101100110111111010111100111101011111110011111010110010011111
1110011011111010110010000010011010111110110011110101111001111010111111011001101111110100101111110110011011111101011110011110101111111101111101111011011001
1111001101111101011001000001001101011111011001111010111100111101011111111100110111111010010111111011011101111110101111001111011111111111111110101101100101
1111100111111111101100100000110110101111101100111101011110011110101111110110011011111101001011111101100111111111010111100111101111110111011111010110010010
1011110011011111011111010000010111010111110110011110101111001111010111111011001101111110100101111110110011011111101011110011110111111001101111111011001001
1101111001101111101011001000001001101011111011001111010111100111101011111101101110111111010010111111011001101111110101111001111111111111110111110101110100
1010111100110111110101100100000100110101111101100111101011110011110101111110110011011111101001011111101100110111111010111100111101111110111011111010111011
1101011110011011111110110110000010011010111110110011110101111101111010111111011001101111110100101111110110011011111101011110011111101111011101111101111001
1110101111001101111101011001000001001101011111011001111010111110111101011111101100110111111010010111111011001101111110101111001111011111111110111110101111
0111010111101110111110101110100000100110101111101100111101011110111110101111110110011011111101001011111101100110111111010111100111101111110011011111110111
1111101011110011011111010110010000010011010111110110011110101111011111010111111011001101111110100101111110110011011111101011110111111111111011101111101010
1011111101111001101111101011001000001101101011111011001111010111100111101011111101100110111111010010111111011001101111110101111011111010111110111111110100
1001111010111100110111110101100100000100110101111101100111101011110011110101111110110011011111101011111111101100111111111010111101111101011110011111111111
1100111101011110011011111010110010000011011010111110110011110101111001111010111111011001101111110100101111110110011011111101011111111110101111001111111111
1111011110101111001101111101011001000001001101011111011001111010111100111101011111101100110111111010010111111011001101111110101111011111010111110111111111
1111001111010111100110111110101101100000100110101111101100111101011110011110101111110110011011111101001011111101100110111111010111111111101011110111111111
1111100111101011110011011111010110010000010011010111110110011110101111001111010111111011001101111110100101111110110011011111101111111011110101111011101110
0011110011110101111001101111101011011000001001101011111011001111010111100111101011111101100110111111010010111111011001101111110101111001111010111100111111
1101111001111010111100110111110101100100000100110101111101100111101011110011110101111110110011011111101001011111101100110111111010111100111101011111111110
1010111110111101011110011011111010110010000010011011111110110011111101111001111010111111011001101111110100101111110110011011111101111110011110101111011111
1101011111011110101111001101111101011001000001001101011111011001111010111100111101011111101100110111111010010111111011001101111110111111001111011111101111
0110101111001111010111100110111110101100100000100110101111101100111101011110011110101111110110011011111101001011111101100110111111110111100111101011110011
1111010111100111101011110011011111010110010000010011010111110110011110101111001111010111111011001101111110100101111110110011011111111011110011110101111001
1111101011110111110101111001101111101011001000001001101011111011001111010111100111101011111101100110111111010110111111011001101111110111111001111010111101
1111110101111011111010111100110111110101100100000100110101111111101111101011110011110101111110110011011111101001011111101100110111111010111100111101011111
1111111010111100111101011110011011111010110010000010011110111110110011110111111001111010111111011001101111110100101111110110011011111111111110011110101110
1011111101011110011110101111001101111101011001000001001101011111011001111010111100111101011111101100110111111010010111111011001101111110101111101111010111
0101111110101111101111010111100110111110101100100000100110101111101100111101011110011110101111110110011011111101001011111101110111111111111111100111101111
0110111111010111100111101011110011011111010110010000010011010111111110011110101111001111010111111011001101111110100101111110110111011111101011111111110100
1011011111101011110011110101111001101111111011001000001001101011111011001111010111100111101011111101100110111111010110111111011011101111111101111001111010
1001101111110101111001111010111100110111110101100100001100110101111101100111101011110011110101111110110011011111101001011111101110111111111011111100111101
1100111111111010111100111101011110011011111010110010000010011110111110110011110101111001111010111111011001101111110100101111110111011011111101111110111111
1110011011111101011110011110101111001101111101011001100001001101011111011001111011111110111101011111101100110111111010010111111011001101111110101111101110
1011001101111110101111001111010111100110111110111100100000100110101111101100111101011110011110101111110110011011111101101111111101100110111111010111111111
1111100110111111010111100111101011110011011111010110010000010111010111110110011110111111101111010111111011001101111110100101111110110011111111101111110011
1110110011011111101111110011110101111001101111101011001000011001101011111011001111010111101111101011111101100110111111010010111111011101101111110101111011
1111011001101111110101111001111010111100110111110101100100000101110101111101100111101011110011110101111110110011011111101001011111101100111111111010111111
1111101100110111111010111100111101011110011011111010110011000010011010111110110011110101111001111010111111011001101111110100101111111111011111111101111111
1111110110011011111101011110011110101111001101111101011001000001001111011111011001111010111100111101011111101100110111111010010111111011001111111110101111
0111111011001101111110101111011111010111100110111110111110100000100110101111101100111101011110011110101111110110011011111101001011111101101110111111010110
0011111101100110111111010111101111101011110011111111010110010000010011010111110110011110101111001111010111111011001101111110100101111110111011011111111111
1101111110110011011111101011110011110101111001101111101011101000001001101011111011001111011111100111101011111101100110111111010010111111011001111111110100
1010111111011001101111110101111101111010111100110111110101100100000100110101111101100111101011110111110101111110110011111111101011011111111100110111111010
0001011111101100110111111010111110111101011110011011111010110010000010011010111110110011110101111001111010111111011001101111110111101111110110011011111101
1100101111110110011011111101011110011110111111101111111101011001000001001101011111011001111010111100111101011111101100110111111011010111111011001101111110
1010010111111011001101111110101111001111010111100110111110101100100001100110101111101100111101011110011110101111110110011011111101111011111101101110111111
1101001011111101100110111111010111100111101011110011011111011110010000010011110111110110011110101111001111010111111011001101111110100101111110110011111111
1110100101111110110011011111101011110011110101111001101111101011001100001001101011111011001111010111100111101011111101100110111111011110111111011001101111
1111110010111111011001101111110101111001111010111100110111110101100100000100110101111101100111101011110011110101111110110011011111101101011111111100110111
1111101001011111101100111111111010111100111101011110011011111010110010000010011010111110110011110101111001111010111111011001101111110110111111111110011011
1111110100101111110110011011111101011110011110101111001101111101011001000001001101011111011001111010111100111101011111101100110111111011010111111011001101
1111111010010111111011001101111110101111001111010111100110111110101100100000100110101111101100111101011110011110101111110110011111111101001011111111100110
0011111101001011111101100110111111010111100111111011110011011111010110010000010011010111110110011110101111001111010111111011001101111111111101111110110011
1101111110100101111110110011011111101011110011110101111001101111101011001000001001101011111011001111010111100111101011111101100111111111010010111111111011
1110111111010010111111011001101111110101111001111010111100110111110111100100000100110101111101100111101011110011110101111110110011111111101011011111101100
1011011111101011011111101100110111111010111100111101011110011011111010110010000010011010111110110011110101111001111010111111011101101111110100101111110110
1001101111110110111111110111011011111101011110011110101111001101111101011001000001001101111111011001111010111100111101011111101100111111111110010111111011
0100110111111010010111111011001101111110101111001111010111100110111110101100100001110110101111101100111101011110011110101111110110111111111101011011111101
1110011011111101001011111101100110111111010111100111101011110011011111010110010000010111010111110110011110101111001111010111111011101101111110111101111110
1011001101111110100101111110110011011111101011110011111101111001101111101011001100001001101011111011001111010111100111101011111101100110111111111010111111
1101100110111111010010111111011001101111110101111001111010111100110111110101100100000100110101111101100111101011110011110101111110111011111111101001011111
1110110011011111101001011111101100110111111010111100111111011110011011111010110110000010011010111110110011110101111001111010111111011001101111110100101111
1111011001101111110100101111110110011011111101011110011110101111001101111101011001000001001101011111011001111010111100111101011111111101111111111010010111
1111101100110111111010010111111011001101111110101111001111010111100110111110101110100000100110101111101100111101011110011110101111110110011111111101101011
1111110110011011111101101011111101100110111111010111101111101011110011011111010110010000010011010111110110011110101111001111010111111011001101111110100101
0111111111001101111110100101111110110011011111101011110011110101111001101111101011001000001101101011111011001111010111100111101011111101100110111111011110
1011111101101110111111010010111111011001101111110101111011111010111100110111111101100100000100110101111101100111101011110011110101111110110011011111101101
1101111110110011011111101001011111101100110111111010111100111101011110011011111010110010000010011010111110110011110101111001111011111111111001111111110100
1010111111011001101111110100101111110110011011111101011111011111101111001101111101011001000001001101011111011001111010111100111101011111101100111111111011
0101011111101101110111111010010111111011001101111110101111001111010111100110111110101101100000100110101111101100111101011110011111101111110110011011111101
1110101111110110011011111101001011111101100110111111010111100111101011110011011111010110010000010011010111110110011110101111001111011111111011001101111111
1111010111111011001101111110100101111110110011011111101011110011110101111001101111101011001000001001101011111011001111010111100111101011111111110110111111
1111101011111101110110111111010010111111011001101111110101111001111010111100110111110101100100001100110101111101100111101011110011110101111110110011111110
1011110101111110110011011111101001011111101100110111111010111100111101011110011011111010110010000010011010111110110011110101111101111010111111011011111110
0001111010111111011001101111110100101111110110011011111101011110011110101111001101111101011001100001001101011111011001111011111111111111011111111100110111
1100111111011111101100110111111010010111111011001101111110101111101111010111100110111110101100100000100110101111101100111101111111111110101111110110011011
1110011110101111110110011011111101101011111101100110111111010111100111101011110011011111010110010000010011010111110110011110111111001111010111111011001111
1111001111010111111011001101111110100101111110110011011111101011110011110101111001101111101011001000001001101011111011001111010111111111111011111101100111
1111100111101011111111100110111111110010111111011001101111110101111001111010111100110111110101100100000100110101111101100111111011110011110111111111110110
1011110011110101111110111011011111101001011111101100110111111010111100111101011110011011111010110010000010011010111110110011110101111001111010111111011011
1101111001111010111111011001101111110100101111110110011011111101011110011110101111001101111101011001000011001101011111011001111010111100111101111111111110
1010111100111101011111101100110111111010010111111011001101111110101111001111010111100110111110101100100010100110101111101100111101011110011110101111110111
1101011110011110101111110110011011111101001011111101100110111111010111100111101011110011011111010110011100110011010111110110011110111111001111010111111011
1110101111001111010111111111001101111110100101111110110011011111101011110011110101111001101111101011001000001001101011111011001111010111101111101011111101
1111010111100111101011111101100110111111010010111111011001101111110101111001111010111100110111110101100110000100110101111101100111101011110011110101111111
1111101011110111110111111110110011011111101001011111101100110111111010111100111101011110011011111010110010000010011010111110110111110101111001111110111110
1011110101111101111010111111011001101111110100101111110110011011111101011110011110101111001101111101011001000001001101011111011101111010111100111101111110
1001111010111100111111011111101100110111111011010111111011001101111110101111001111010111100110111110101100100001100110101111101110111101111110011111101111
0100111101011110011110101111110110011011111101001011111101100110111111010111100111101011110011011111010110010000010011010111110111111110101111101111010111
1110011111101111001111010111111011001101111110100101111110110011011111101011110011110101111001101111101011001100001001111011111111001111010111100111101110
1011001111010111100111101011111101100110111111010010111111011001101111110101111001111010111100110111110101100100000100110101111101101111111011110011110111
1101100111101011110011110101111110110011011111101001011111101100110111111010111100111101011110011011111010110010000011011010111110110111110101111011111011
1110110011110101111001111010111111111001101111110100101111110110011011111101011110011110101111001101111101011001000001001101011111111001111010111100111101
1111011001111010111100111101011111101100110111111011010111111011001101111110101111001111010111100110111110101100100000100110101111111111111101011110011111
1111101100111101011110011110101111110110011011111101001011111101100110111111010111100111101011110011011111010110010000010011010111111111011110111111111111
1111110110011110101111001111010111111011001101111110100101111110110011011111101011110011110101111001101111101011011000001001101011111111101111010111101110
1011111011001111010111100111101011111101100110111111010110111111111001101111110101111001111010111100110111110101100100000100111101111111110111101011110011
1101111101100111101011110011110101111110110011011111101001011111101100110111111010111100111101011110011011111011110010000010011011111110110011111101111000
0011111110110011111101111001111010111111011001101111110100101111110110011011111101011110011110101111001101111101011001000001001111011111111101111010111101
1101011111011001111010111100111101011111101100110111111110010111111011001101111110101111001111010111100110111110101100100000100110111111101100111111011111
1110101111101100111101011110011110101111110110011011111101001011111101100110111111010111100111101011110011011111010110010000010011111111110110011111111110
1111011111110110011110101111001111010111111011001101111110100101111110110011011111101011110011111101111001101111101011001000001001111011111111101111010110
1001101011111011001111010111100111101011111101100110111111010010111111011001101111110101111001111110111100110111110101100100000101111101111101101111111011
1100110101111101100111101011110011110101111110110111011111101001011111101100110111111010111100111111111110011011111010110010000110011011111111110011111100
1010111010111110110011111101111001111010111111011001101111110100101111110110011011111101011110011110101111001101111101111001000011001111111111111101111010
1001011101011111011101111111111110111111011111101110110111111010010111111111011101111110101111011111010111111111111110101100110010110111011111110001011001
0100101111101111111111111111011111011110101111110111111011111101111011111101100110111111010111101111101011110111011111011110011101110111001111110000001100
0010010111111111111111111111111111111111010111111111011101111110111101111111110011011111111111111111110101111011101111111011101010111100100011111000000011
0001011011111111111111111111110111110111111111111101100110111111010110111111111111101111110101111101111010111110111111110111100111010110110001011100000011
1101111111111101111111111111101011111111111111111110110011011111101101011111101100111111111010111101111111011110011111111111110111100010001001111110000000
1110110010111110111110011011111111111111111010111111111001111111110101101111111110111011111111011111011110101111101111111111111001000101001100111111110001
0001001001011111111111011101111110111100111101011111101101110111111011110111111111001101111110101111001111010111110111111110101111101011110110001111110001
0100100101100111111111101101111111011110011111111111110110011011111101011011111101100110111111011111100111101011110111111111011110110101011011000111110001
0110110011011011110111111111011110101111001111010111111011011101111110101111111110111011011111101011110011110101111111101111111110001110011011100011111000
0011001111001001101111111011101111010111100111111111111111100110111111010010111111111001111111110101111001111110111101111111111001100100010110111001111111
0111100100100101111111111101111111101011110011110101111110110011111111111011011111101100110111111011111100111101111110111011111100100111101111011000111111
0011111010011010011010111110111011110101111001111111111111111111101111110110101111111110011011111101011111011110101111001101111110011011010001101100111111
1111111101001011011101011111011001111010111100111101011111111100110111111010011111111111001101111110101111001111010111101111111110001100110010100111001111
1110111100100101111111101111101111111101011110011110101111111110011011111101101011111101100111111111110111100111101011110011011111000111110101010011001111
1111010110010010010011010111110110011110101111001111110111111011001101111110100101111110110011011111101011110011110101111001111111110011011010011001101111
0111101111101011001001111011111011001111010111101111111011111101100110111111010011111111011001101111111101111011111010111101111111011001101100000111110011
1111111111110100101100110111111101101111101011110011110101111111110011111111101111011111111101111111111010111100111111011110011111111000110011001010011100
1111111010111110010010011010111111110011111101111011111010111111011101111111110111101111111110011011111101011110011110111111101001111100111001010101101101
1101111101111101101001001101011111111101111010111110111111011111101100110111111010010111111011001101111110111111001111010111101000111110001100101011110111
1110111110111110100100110110101111111110111101011110011110101111110110011111111101001011111101110110111111010111110111101111110000011111000110110101110111
1111011111010111010011011011010111111110111110101111001111010111111011001101111110100101111110110011111111101111110011110111111100001111100111101110011010
0101101111101011101011001001111111111111101111010111111111111011111111100111111111010110111111111001101111111101111011111010111000001111111001101110010111
0101110111110111110100110101110101111101110111101011110111110111111110110011011111101001011111111100111111111010111110111111111100001111111000110111100011
1111111111111000110011110010111010111111111011110101111101111010111111011001101111110101101111110110011011111101011111011110111110000001111111011001000111
1111111111111101011011101001001101111111111001111110111100111111011111101100110111111011110111111011101101111111101111001111010010000000111111011110101011
0111101110111110101111100100101110111111111100111101011111111110101111110111011011111101001011111111111110111111110111100111101001100000111111100111111101
0101001111011111111001111010111100111101011111101100110111111010010111111011001101111110101111001111010111100110111110101100100101101110111111101110111110
