00010011010111110111011110101111001111010111111011001101111110100101111110110011011111101011110011110101111001101111101011001001111111111110110011
00001001101011111111001111010111100111101011111101100110111111010010111111011001101111110101111001111010111100110111110101100101111011101111011001
00000100110111111101110111101011110011110101111110110011011111101001011111101100110111111010111100111101011110011011111010110011111111110111101100
10000010011010111110110011110101111001111010111111011001101111110100101111110110011111111101011110011110101111001101111101011001011111011111110111
01000001001101011111011001111010111100111101011111101100110111111010010111111011001101111110101111001111010111100110111110101100111111101111111011
00100000100111101111101100111101011110011110101111110110011011111101001011111101100110111111010111100111101111110011011111010111011111110101111101
10010000010111010111110110011110101111011111010111111011001101111110100101111110110011011111101011110011110101111001111111101110101110111010111110
11001000001001101011111011001111010111100111101011111101101110111111010010111111011001101111110101111001111010111100111111110101110011110111011111
01100100000100111101111101100111101011110011110101111110111111011111101001011111101100110111111010111100111101111110011011111011011001101110101111
10110010000010011010111110111011110101111001111010111111011011101111110100101111110110011011111101011110011110101111001101111100101101111011110111
01011001000001001101111111011001111010111100111101011111101100110111111010010111111011001101111110101111001111010111100110111111111111101101101011
10101110100000110110111111101100111101011110011110101111110110011011111101001111111101101110111111010111100111101011110011011111111101011100110101
11110110010000011011010111111110011110101111001111010111111011001101111110100101111110110011011111101011110011110101111001101111010110011110011011
11101111001000001001101011111011001111010111100111101011111101100110111111010010111111011001101111110101111001111010111100110110111011111111001101
11110101100100000100110111111101100111101011111011110101111110110011011111111001111111101100110111111010111100111101011110011011110101100110100110
11111010110110000010011010111110110011110101111001111010111111111001101111110100101111110110011011111101111110011110101111001101111010111011011011
01111101111011000001001101011111011001111010111100111101011111101100110111111010010111111011001101111110101111001111010111100111110111010111011101
11111110101100100000100110101111111100111101011110011110101111110110011111111101001111111101100110111111010111100111101011110011111111001001111001
11011111010110010000010011010111110110011110101111001111010111111011001101111110100101111110111011011111101011110011110101111011011111111101111110
11101111101011001000001001101011111011001111010111100111101011111101100110111111010010111111011001101111110101111001111010111101101111111110111101
00110111111101100100000100110101111101100111111011110011110101111110110011011111101001011111101110110111111010111100111101011110111111011111111101
10111011111110110010000010111010111110111011110101111001111010111111011001111111110100101111110110011011111101011110011110101111011111100110101110
11001101111101011001000001001101011111011001111010111100111101011111111100111111111010010111111111001101111110101111001111010111101111110011110111
11100110111110101100100000100110101111101100111101011110011110101111110110011011111101001011111101100110111111010111100111101011110110111111111101
11110011011111110110010000010011010111110110011110101111001111010111111011001101111110100101111110110011011111101011110011110101110111111010111110
01111001101111101011001000001001101011111011001111010111100111101011111101100110111111010010111111011001101111110101111001111011111001111101011111
10111100110111110101110100000100110101111101100111101111110011110101111110110011011111101001011111101100110111111010111100111101111101111110101100
01011110011011111010110010000010011011111110110011110101111001111010111111011001101111110100101111110110011011111101011110011111111111011111010110
10101111011111111101011001000001001101011111011001111010111100111101011111101100110111111010010111111011001101111110101111001111101111001111101111
11010111100110111110101100100000100110101111101100111101011110011110101111110110011011111101001011111101100110111111010111100111110111101111111111
11101011110011011111010110010000010011010111110111011110101111001111010111111011001101111110100101111110110011011111101011110010111011111011111111
11110101111001101111101011001000001001101011111011001111010111100111101011111101100110111111010010111111011001101111110101111001011101110101111111
01111010111100110111110101100100000100110101111101100111101011110011110101111110110011011111101001011111101100110111111010111101111010111110111111
00111101011110011111111010110010000010011010111110110011110101111001111010111111011001101111110100101111110110011011111101011111111111010011011111
10011110101111001101111101011001000001011101011111011001111010111100111101011111101100110111111010010111111011001101111110101110111111101001101111
11001111010111100110111110101100100000100110101111101100111101011110011110101111110110011011111101001011111101110110111111010111111111011100110111
11100111101011110011011111010110010000010011010111110110011110101111001111010111111011001101111110100101111110110011011111101011111111111110011011
11110011110101111001101111111011001000001001101011111011001111010111100111101011111101100110111111010010111111011011101111110100111011111111001101
01111001111010111100110111110101100100000100110101111101100111101011110011110101111110110011011111101001011111101100110111111011111001110111101110
10111110111101011110011011111010111010000010011010111110110011110101111001111010111111011001101111110100101111110110011011111101111100111111110011
01011110011110101111011101111101011001000001001101011111011001111010111100111101011111101100110111111010010111111011001101111111011110011111111001
10101111001111010111100110111110101100100000100110101111101100111101011110011110101111110110011011111101001011111101100110111111111111011110111100
11010111100111101011110011011111010110010000010011010111110110011110101111001111010111111011001101111110100101111110110011011111110111101101011110
11101011110011110101111001101111101011001000001101101011111011001111010111100111101011111101100110111111010010111111011001101111101011111110101111
11110101111001111010111100110111110101100100000100110101111101100111101011110011110101111110110011011111101001011111101100110111110101111111010111
11111010111100111101111110011011111010110010000010011010111110110011110101111001111010111111011001101111110100101111110110011011111010111111101011
11111101011110111110101111001101111101011001000001001111011111011001111010111100111101011111101100110111111010010111111011001111001111110011110111
01111110101111001111010111100110111110101101100000100110101111101100111101011110011110101111110110011011111101001011111101100110111111101011111010
10111111010111100111101011110011011111010110010000010011010111110110011110101111001111010111111011001101111110100101111110110010111111111100111101
11011111101011110011110101111011101111101011001000001001101011111011001111010111100111101011111101100110111111010010111111011001011111111110011110
01101111110101111001111010111100110111110101100100000100110101111101100111101011110011110101111110110011011111101001011111101101111111111111001111
00110111111010111100111101011110011011111010110010000010011010111110110011110101111001111010111111011001101111110100101111110111110111110111100111
10011011111101011110011110101111001101111101011001000001001101011111011001111010111100111101011111101100110111111010010111111011011011111011110111
11001101111110101111001111110111100110111110101100100000100110101111101100111101011110011110101111110110011011111101001011111101011101111101111001
01100110111111010111100111101011110011011111011110010000010011010111110110011110111111001111010111111011001101111110100101111111111110111110111100
10110011011111101011110011110101111001101111101011001000001001101011111011001111010111100111101011111101100110111111010010111111110111011111011110
11011001101111110101111001111010111100110111110101100100000100111101111101100111101011110011110101111110110011011111101001011111111001111110101111
11101100110111111010111100111101011110011011111010110010000010011010111110110011110101111001111010111111011001101111110101101111111100111111010111
11110111111011111101011110011110101111001101111101011001000011001101011111011001111010111100111101011111101100110111111010010111110110011111101011
11111011101101111110101111001111010111100110111110101100100000100110101111101100111101011110011110101111110110011011111101001011111011001111110101
11111101110110111111010111100111101011110011011111010110011000010011010111110111011110101111001111010111111011001101111110100101111101100111111010
01111110110011011111101011110011110101111001101111101011001000001001101011111011001111010111101111101011111101100110111111010011101110110011111101
10111111011001111111110101111001111010111100110111110101100100000100110101111101100111101011110011110101111110110011011111101000101111111101111111
01011111101100110111111010111100111101011110011011111010110010000010011010111110110011110101111001111010111111011001101111110101111111101110111111
00101111110110011011111101011110011110101111001101111101111001000001001101011111011001111110111110111101011111101100110111111011101111110111011111
10010111111011001101111110101111001111010111100110111110101100100001100110101111111100111101011110011110101111110110011011111100010111111101111111
01001011111101100110111111010111100111101011110011011111010110010000010011010111110110011110101111101111010111111011001101111110111011111100110111
10100101111110110011011111101011110011110101111001101111101011001100001001101011111011001111010111100111101011111101100110111111100101111110011011
11010010111111011001101111110101111001111010111100110111110101100100000100110101111101100111101011110011110101111110110011011111101110111111001101
11101001011111101100111111111010111100111101011110011011111010110010000010011010111110110011110101111001111011111111011001101111111101011111100110
11110100101111110110011011111101011110011110101111001101111101011001000001001111011111011001111010111100111101011111101100110111111110101111110011
11111010010111111111001101111110101111001111010111100110111110101100100000100110101111101100111101011110011110101111110110011011111110011111011001
11111101001011111101100110111111010111100111101011110011011111010110010000010011010111110110011110101111001111010111111011001101111111001111111100
01111110100101111110110011011111101011110011110101111001101111101011001000001001101011111011001111010111100111101011111101100111111111100111110110
10111111010010111111011001101111110101111001111010111100110111110101100100000100110101111101100111101011110011110101111110110011011111110111111011
11011111101001111111111100110111111010111100111101011110011011111010110010000010011010111110110011110101111001111010111111011011011111101011111101
01101111110100101111111110011011111101011110011110101111001101111101011001000001001101011111011001111010111100111101011111101100111111110101111110
00110111111110010111111011001101111110101111001111010111100110111110101100100000100110101111101100111101011110011110101111110111001111111010111111
10011011111101001011111101100110111111010111100111101011110011011111011110010000010111010111110110011110101111001111010111111010111011111101011111
11001101111110100101111110110011011111101011110011110101111011101111101011001000001001101011111011001111010111100111101011111101111101110100111111
01100110111111110010111111011001101111110101111001111010111100110111110101100100000100110101111101100111111011110011110101111111110111111010011111
10110011011111101001011111101100110111111010111100111111011110011111111010110010000010011010111110110011110101111001111010111111111011111111001111
11011001101111110100101111110110011011111101011110011110101111001101111101011001000001001101011111011001111010111100111101011111111001111111100111
11111100110111111110010111111011001101111110101111001111010111100110111110101110100000100110101111101100111101011110011110101110111100111111011011
11110110011011111101001011111101100110111111010111100111101011110011011111010110010000010011010111110110011110101111001111010111111110011111111001
11111011001101111110100101111110110011011111101011110011110101111001101111101011001000001001101011111011001111010111100111101011111111001111110101
11111101100110111111010010111111011001101111110101111001111010111100110111110101100100000100110101111101100111101011110011110101110111100111111010
01111110110011011111101001011111101100110111111010111100111101011110011011111010110010000010011010111110110011110101111001111011111110111011111101
10111111011101101111110100101111110110011011111101011110011110101111001101111101011001000001001101011111011001111010111100111100111111011101111110
01011111101100110111111010010111111011001101111110101111001111011111100110111110101100100000100110101111101100111101011110011111001111101110111111
10101111110110011011111101001011111101100110111111010111100111101011110011011111010110010000010011010111110110011110111111001110101111110111011111
11010111111011001101111110100101111110110011011111101011110011110101111001101111101011001000001001111011111011001111010111100111010111111011111111
11101011111101100110111111010010111111011001101111110101111001111010111100110111110101100100000100110101111101100111101011110111101011111100110111
11110101111110110011011111101001011111101100110111111010111100111101011110011011111010110010000010011010111110110011110101111001110101111110011011
01111010111111011011101111110100101111110110011011111101011111011110101111001101111101011001000001001101011111011001111010111101111010111111001101
00111101011111101100111111111010010111111011001101111110101111001111010111100110111110101100100000100110101111101100111101011111111101011111100110
10011110101111110110111011111101001011111101100110111111010111101111101011110011011111010110010000010011010111110110011110101110011110111111111011
11001111010111111011001101111110100101111110110011011111101011110011110101111001101111101011001000011001101011111011001111010111101111011111011101
11100111101011111101100110111111010010111111011001101111110101111011111010111100110111110101100100000100110101111111100111101011100111101111111110
11110011110101111110110011011111101001011111101100110111111010111100111101011110011011111011110011000010011010111110110011110101110011111111110111
01111001111010111111011001101111110100101111110110011011111101011110011110101111001101111101011001000001001101011111011001111011111001111111111011
10111100111101011111101100110111111010010111111011001101111110101111001111010111100110111110101100100000100110101111101100111101111100111111111101
01011110011110101111110110011011111101001011111101100110111111010111100111101011110011011111010110010000010011010111110110011110111110011111111110
10101111001111010111111011001101111110100101111110110011011111101011110011110101111001101111101011001000001001101011111011001111111111001011111111
11010111100111111011111101100110111111010010111111011001101111110101111001111010111100110111110101100100000100110101111101100111110111101101011111
11101011110011110101111110110011011111101001011111101100110111111010111100111101111110011011111010110010000010011010111110110011111011111110101111
11110101111001111010111111011001101111110100101111110110011011111101011110011110101111001101111101011001000001001101011111011001110101111111010111
01111110111100111101011111101100110111111010010111111011001101111110101111001111010111100110111110101100100000100110101111101101111010110111101111
00111101011110011110101111110110011011111101001011111101100110111111010111100111101011110011011111010110010000010011010111110111111101011111110101
10011110101111001111010111111011001101111110100101111110110011011111111011110011110101111001101111101011001000001001101011111011111110101101111011
11001111110111100111101011111101100110111111010010111111011001101111110101111001111010111100110111110101100100000100110101111101101111011100111101
01100111101011110011110101111110110111011111101001011111101100110111111010111100111101011110011011111010110010000010011010111111001111101110011110
10110011110101111001111010111111011001101111110100101111110110011011111101011110011110101111001101111101011001000001001101011111110011111111001111
11011001111010111100111101011111101100110111111010010111111011001101111110101111001111010111100110111110101100100000100110101111101001111111100111
11101100111101011110011110101111110111011011111101001011111101100110111111010111100111101011110011111111010110010000010011010110111100111111110011
11110110011110101111001111010111111011001101111110100101111110110011011111101011110011110101111001101111101011001000001001101011110110111101111001
11111011001111010111100111101011111101100110111111010010111111011001101111110101111001111010111100110111110101100100000100110101111011011110111100
01111111100111101011110011110101111110110011011111101001011111101100110111111010111100111111011110011011111010110010000010011010111111101101011110
10111111110011110101111001111010111111011001101111110100101111110110011011111101011110011110101111001101111101011001000001001100111110111011101111
01011111011001111010111100111101011111101100110111111010010111111011001101111110101111001111010111100110111110101100100000100111111111111111010111
10101111101100111101011110011110101111110110011011111101001011111101100110111111010111100111101011110011011111010110010000010011101111101111101011
11010111110110011110101111001111010111111011001101111110110101111110110011011111101011110011110101111001101111101011001000001001010111110011111101
01101011111011001111010111100111101011111101100110111111010010111111011001101111110101111001111010111100110111110101100100000101111011111011111110
00110101111101100111101011110011110101111110110011011111101001011111101100110111111010111100111101011110011011111010110010000011110101111100111111
10011010111110110011110101111001111010111111011001101111110100101111110110011011111101011110011110101111001101111101011001000001011111111110011110
01001111011111011001111010111100111101011111101100110111111010010111111011001101111110101111101111010111100110111110101100100001111101011011001111
00100110101111101110111101011110011110101111111110011011111101001011111101110110111111010111100111101011110011011111010110010001111110101101100111
11110101101110111111011111111101110110111111111001111111111111011001111111110101111011110101111101111101111111111101100111111110001001001110100100
11101011011101111101101111111110111111110111110110110011111111111011111111001011111111111010111101111111111111101111111110110110000100101111110010
11111101101111111110110111110111111111111110110111111111111110010110011111111011111111111001011110011111111111001011111101111110000010010111111001
11111110111101010111111001111011111111111101011111101110110111111010111111111111011111011110101111001111010111110110111110101111000001001111110100
10111110011110101111111110111101011110011110101111110111011011111101111111111101100111111111010111100111101011110011011111011110100000101111111010
11111111001011011111111110011110111111001111011111111011001101111110101111111110110011111111101011110011110101111001111111101010010000010010111101
11111101111101101111111011111111011111100111101111111101100110111111010011111111111001101111110101111001111010111100110111111101001000001001011110
11101111111001110011011111100111101011110011111111111110110011111111101001111111111100110111111010111100111101011111011111111010100100000101101111
10110111010111011011101111110011110111111101111011111111111001101111110100101111111110011011111111011110011110101111101101111100010010000010111111
11011010111111010111100111111110101111011111110111101111111100110111111110010110111111011101111111111111111011111111111110111111101101000001001011
11111101101111101011110101111101100111111111110011110111111110111111111111101011011111101110111111111110111111111111110110011011111100100000100101
11111011110011111001111110111110110011111101111101111011111111011001111111110100111111110111011111111111011110011110101111101101111110010000110010
01111101011001011110101101011111011001111010111100111101011111101100111111111010011111111011001111111111101111001111011111100110111101101000001011
10111110111100100111111110101111101100111101011110011110101111110110011011111101001011111101100110111111010111100111101011110011111110110110000100
11011111010110011111101111010111110110011110101111001111010111111111001111111111100111111111110011111111101011110011110101111000111111010010000010
01101111101011011111110111101111111011101111010111100111101011111101100110111111110110111111011011101111110101111001111011111100010111111001000001
00110111110101101011111111111111111101100111101011111011110101111110110011011111111001011111101101110111111110111100111101111111001011110100100000
10011011111010110010011011011111111110110011111101111001111010111111011001101111111100101111110110111011111101011110011110111110100101111011010000
11011101111111011101101101001111111111011001111010111100111101111111101100110111111111010111111011011101111111101111001111010110010010111101001000

