01111011110111100101011001101101100110101001111101101111101011100111111011111110101110110011111110101
10111101111011100000101100110110110111110100111010100111110101110011111001111111010111111001111111010
11011110111101111001011111011001011001101000011100010011111010111001111100111111101011011100111111101
11101111011110101100001011001101101100111101011111011001111101011100111110011111110101101110011111110
11110111101111010100010111110100010110111010011110101100111111101110011111001111111010010111001111111
01111011110111111011001010110010011011001101011111000110111111010111001011100111111101101011100111111
10111101111011101101000001011001001101101111101111110011111111101011100101110011111110110101110011111
11011110111101110110110010111110000010110011000111101001011111110101110010111001111111111010111001111
11101111011110110011011000010111010011011001110111110100001111111010111101011100111111111101011100111
11110111101111011101101000101110100000101101111011111010100111111101011110101110011111111110101110011
01111011110111101100110110010111010100110110001001111101110011111110101111010111001111111111010111001
10111101111011110110011010000011111010011011000101111110111001111111010111101011100111111111101011100
11011110111101101111101101100100110100000101110110111111011100111111101111110101110011011111110101110
11101111011110100101100110110010011110100110101010011111101110011111110111111010111001001111111010111
11110111101111001011111011010011011101000001010001011111010111001111111111111101011100100111111101011
00101101110100001111011110111111101101000101111110101100111111101110011111001111111010010111001111111
00110110011010110111101111011101100110110010111111000110111111010111001011100111111101101011100111111
10011011011111011011110111101110110011010000001111110011111111101011100101110011111110110101110011111
00000101100110111101111011110101111101101100100111101001011111110101110010111001111111111010111001111
10100110110011111110111101111000101100110110010111110100001111111010111101011100111111111101011100111
01000001011011101111011110111101011111011010011011111010100111111101011110101110011111111110101110011
10101001101100110111101111011100101011001101101001111101110011111110101111010111001111111111010111001
11110100110110111011110111101100000101100110100101111110111001111111010111101011100111111111101011100
01101000001011011101111011110111001011111011010110111111011100111111101111110101110011011111110101110
00111101001101111110111101111001100001011001101010011111101110011111110111111010111001001111111010111
10111010000010101111011110111110100010111110110001011111010111001111111111111101011100100111111101011
11001101010011010111101111011111011001010110011101101111101011100111111011111110101110110011111110101
01101111101001111011110111101101101000001011011010100111110101110011111001111111010111111001111111010
10110011010000011101111011110110110110010111111100010011111010111001111100111111101011011100111111101
11011001111010011110111101111010011011000010111111011001111101011100111110011111110101101110011111110
01000101111101110100000101101101111011110111110001011111010111001111111111111101011100100111111101011
10110010101100111010100110110010111101111011111101101111101011100111111011111110101110110011111110101
11010000010110011111010011011011011110111101111010100111110101110011111001111111010111111001111111010
01101100101111100110100000101111101111011110111100010011111010111001111100111111101011011100111111101
00110110000101110011110100110111110111101111011111011001111101011100111110011111110101101110011111110
11011010001011111011101000001001111011110111111110101100111110101110011111001111111010010111001111111
11001101100101001100110101001110111101111011111111000110111111010111001011100111111101101011100111111
01100110100000110110111110100111011110111101101111110011111111101011100101110011111110110101110011111
11111011011001001011001101000011101111011110100111101001011111110101110010111001111111111010111001111
01011001101100001101100111101011110111101111010111110100001111111010111101011100111111111101011100111
10111110110100000010110111010001111011110111111011111010100111111101011110101110011111111110101110011
01010110011011010011011001101010111101111011101001111101110011111110101111010111001111111111010111001
00001011001101001001101101111111011110111101100101111110111001111111010111101011100111111111101011100
10010111110110110000010110011011101111011110110110111111011100111111101111110101110011011111110101110
11000010110011011010011011001111110111101111001010011111101110011111110111111010111001001111111010111
11111100110010111001100101111111111110011001001110000110110100110011111001111111010011011001111111010
11111110011001011100110010111101111111001100110110011011111010011001111100111111101001001100111111101
10111111100110011111001100101101011111110011011011100001111110100110011011001111111010010011001111111
01011111110011011111100110010100101111111001111101110000111111010011001001100111111101101001100111111
10010111111100101111111001100111001011111110000110111001011111110100110010011001111111111010011001111
11001011111110010111111100110001100101111111000111001100001111111010011101001100111111111101001100111
00110010111111100101111111001110011001011111101011001011110011111110100111010011001111111111010011001
10011001011111110010111111100111001100101111101001110101011001111111010111101001100111111111101001100
11001100101111111001011111110011100110010111110000101010001100111111101111110100110011011111110100110
11100110010111101100101111111011110011001011111000010101100110011111110111111010011001001111111010011
11110011001011100110010111111111111001100101101101011010010011001111111111111101001100100111111101001
11111110011101011100111010111101111111001110111110010010011110111101111101100110110010101010011011001
01111111001110111110011101011110111111100111011111011001101111011110111010111011010000111101000101101
10111111100111011111001110101101011111110011101111101100110111101111011101111001101100011010000110110
01011111110011111111100111010110101111111001110111100110111011110111101000101100110100011111010011011
10101111111001111111110011101011010111111100101111110011111101111011110001011111011011100110100000101
11011111111100111111111001110111101011111110000011111001011110111101111100101011001101110011010100110
11101011111110010111111100111001110101111111010101111100101111011110111100000101110110011011111010001
01110101111111001011111110011100111010111111111011111110110111101111011011001011110011101100110100001
00111010111111110101111111001110011101011111101000111111111011110111101101000001011001110110111110100
10011101011111111010111111100111001110101111100101011111111101111011110110110010111110001011001101000
11001110101111111101011111110011100111010111110110111111011110111101111011011001010110001101100110101
11100111010111101110101111111011110011101011111010001111101111011110111101101000001011100010110111110
11110011101011100111010111111111111001110101111001010111110111101111011100110110010111000011011001101
11111001110101110011101011111111111100111010111101101011111011110111101110011010000010101001101101111
11111100111010111001110101111111111110011101011110100101111101111011110111101101100101010000010110011
00111010111111110101111111001110011101011111101000111111101001101101111011110111101111001101000001011
10011101011111111010111111100111001110101111100101011111010000010110011101111011110111110110110010111
11001110101111111101011111110011100111010111110110111111101010011011001110111101111011110011011001010
11100111010111101110101111111011110011101011111010001111111101000101101111011110111101011101101000001
11110011101011100111010111111111111001110101111001010111011010000110110111101111011110111100110110010
11111001110101110011101011111111111100111010111101101011011111010011011011110111101111010110011010000
11111100111010111001110101111111111110011101011110100101100110100000101101111011110111101111101101100
11111110011101011100111010111101111111001110111110010010110011010100110110111101111011010101100110110
01111111001110111110011101011110111111100111011111011001011011111010001111011110111101000010111011010
10111111100111011111001110101101011111110011101111101100101100110100001111101111011110100101111001101
01011111110011111111100111010110101111111001110111100110110110111110100011110111101111100000101100110
10101111111001111111110011101011010111111100101111110011001011001101000101111011110111011001011111011
11010111111100101111111001110111101011111110000011111001001101100110101110111101111011101100101011001
11101011111110010111111100111001110101111111010101111100100010110111110111011110111101110100000101110
01110101111111001011111110011100111010111111111011111110000011011001101111101111011110011011001011110
11010111111100101111111001110111101011111110000011111001110011011001010011010100110110011110111101111
11101011111110010111111100111001110101111111010101111100011101101000001011111010001011101111011110111
01110101111111001011111110011100111010111111111011111110111100110110010100110100001101110111101111011
00111010111111110101111111001110011101011111101000111111010110011010000110111110100110111011110111101
10011101011111111010111111100111001110101111100101011111101111101101100011001101000001111101111011110
11001110101111111101011111110011100111010111110110111111010101100110110101100110101001011110111101111
11100111010111101110101111111011110011101011111010001111000010111011010010110111110100101111011110111
11110011101011100111010111111111111001110101111001010111100101111001101011011001101000110111101111011
11111001110101110011101011111111111100111010111101101011100000101100110001101101111101111011110111101
11111100111010111001110101111111111110011101011110100101011001011111011000010110011010111101111011110
11111110011101011100111010111101111111001110111110010010101100101011001010011011001101011110111101111
01111111001110111110011101011110111111100111011111011001110100000101110101000101101111101111011110111
10111111100111011111001110101101011111110011101111101100011011001011110010000110110011110111101111011
01011111110011111111100111010110101111111001110111100110001101000001011111010011011011111011110111101
10101111111001111111110011101011010111111100101111110011110110110010111110100000101100111101111011110

