000110111101111101100111101011110011110101111110110011011111101001111111101110110111111010111100111101011110011011111110110010011110011011101110110111110101111101110
000010011010111110110011110101111001111010111111011001101111110100101111110110011011111101011110011110101111001101111101111101001011001111011111111111111011111100111
000001001101011111111001111010111100111101011111101100110111111010010111111011001101111110101111001111010111100110111110101100111111110111111111101111111101111110011
100000100110101111101100111111011110011110101111110110011011111101101011111101100110111111010111101111101011110011011111010110011111011011111111010101111110101111001
110000010011010111110110011110101111001111010111111011001101111110100101111110110011011111101011110011111101111001101111101011001111011001111011111111011111110111101
001000001011101011111011001111010111100111101011111101100111111111010010111111011001101111110101111101111010111100110111110101100101110110111111111101101111101011111
100100000101110101111111100111101011110011110101111110110011011111101001011111101100110111111110111100111101011110011011111010110110010010111111111110110111110111110
110010000010011010111110110011110101111001111010111111011001101111110100101111110110011011111101011110011110101111001101111101011011001001101111111111011111111011111
111001000001001101011111011001111110111100111101011111101100110111111010010111111011001101111110101111001111010111100111111110101101100110100111111111101111111101011
101100100000111110101111101100111101011110011110101111110110011011111101001011111101100110111111010111100111101011110011011111011110111011011011110111110111111110100
010111010000010111010111111110011110101111001111010111111011001101111110100101111110110011011111101011110011110101111011101111110111011101101101101001111011111111011
101011101000001101101011111011001111010111100111101011111101100110111111010010111111011001101111110111111001111110111110110111111101101101111110110111111101000111101
110101100100001110110101111111100111111011110011110111111110110011011111101001011111101100110111111010111100111101011110011011111111110010010010011011111111111111111
111010110110000011011010111110110111110101111001111010111111011101101111110100101111110110011011111101011110011110101111001101110111111111101101001111011111011001111
111101011101100001011101011111011001111110111100111101111111101100110111111010010111111011001101111110101111001111010111101110111010111100111101110111101111101101111
111110101111100001111110101111101100111111011110011110101111110110011011111101001011111101100110111111010111100111111111110011011111100110011011110011011111110111111
011111010110110000010011010111110110111110101111001111010111111011001101111110100101111110111011011111101011110011110101111001101111111011011101101111111011111011100
101111101011011100001001111011111111101111010111101111101011111101100110111111010010111111011001101111110101111001111011111100111111111111100100110100110111111101101
111111110101100100001100110101111101100111101011110011110101111110110111011111101001011111101110110111111010111100111101011110011111101111110111010110011010111110111
011011111010111110001010111010111110110011111111111001111010111111011001111111110100101111111110011011111101011110011110101111001111110111111001101001101101011111111
001101111101011101110001011101011111011001111010111100111101011111101100110111111110110111111011001101111110101111001111010111111011111111111100100111110111001111111
100110111110101100100000100110101111101100111101011110011110101111110110011011111101001111111101100110111111010111100111101011111111011111110110011010111011111111111
110011111111010110010000010011010111110110011111101111001111010111111011001101111110100101111110110011011111101111110011110101111111111110111011001111011001111011110
111001101111101011001000101101101011111011001111010111100111101011111101100110111111010010111111011001111111110101111011111010111011111111111101101110100100110111111
111100110111110101110101000110110101111101100111101011110011110101111110111011011111101001011111101100110111111110111100111101011111111111101111110011011010011010111
011110011011111011111010000010011010111110110011110101111001111011111111111001101111110100101111110110011011111111011110011110101111111111110111011011111001101101110
101111001111111101011001000001001101011111011001111010111100111101011111101111111111111010010111111011001101111110111111001111010111101110111001111101111100110111111
010111100110111110101101100000100110101111101100111111011110011110101111110111011011111101001011111101100110111111010111100111101011111111011111110110011110111011111
101111110011111111010110110000010111010111110111011111101111001111010111111011001101111110100101111110110011111111101011110011110101111011101110111111001101101001110
110101111001101111101011001000001111101011111011001111010111100111101011111101100110111111010010111111111101101111110101111001111011111111111111111111100101100100111
111010111100110111110101100100000100110101111101100111101011110011110101111110110011011111101001011111101100110111111010111100111101011111011111111111110111110111011
111101011110011011111010110010000010011010111110110011110101111001111010111111011001111111110100101111110110011011111101011111011110101111011101111111111011111101101
011110101111001101111101011001000001001101011111011001111010111100111101011111101100110111111010010111111011001101111111101111001111011111110111111011111101100100101
001111011111110111111110101111100010100110101111101100111101011110011110101111110110011011111101001011111101100110111111110111110111101011100111011101111110010110011
100111101011110011011111010111010100010011010111110110111110101111001111010111111011001101111110100101111110110011011111111011110011110111111011101110111111011101011
110011110101111001101111101011001000001001111011111011001111011111100111101011111101101110111111010010111111011001101111110101111001111010111111111111011101100101101
111001111010111111110111110101100100000110110101111101100111101011110011110101111110110011011111101001011111101100110111111011111100111111011111011110101111010110111
111100111101111110011011111010110010000010011010111110110011110101111001111010111111011001101111110100101111110110011011111101111110011110101111001111111101111001111
011110011110101111001101111101011001000001001101011111011001111010111100111101011111101100110111111010010111111011001101111110101111001111010111111111111111111101101
101111001111011111100110111110101100100000100110101111101100111101111110011110101111110110011011111101001011111101100110111111010111110111101011110011111111111110111
010111100111101111110011011111010110110000010011010111110110011110101111001111110111111011001101111110100101111110110011111111111011110011110101111110101110111111011
101011110011110101111001101111101011001000001001101011111011001111010111100111101011111101100110111111010110111111011001101111111011111011111010111111110111111101101
110101111001111010111100110111110101100100000100110111111101100111101011110011110101111110110011011111101011011111101100110111111110111111111101111110011011011010111
111010111100111101011110011011111011110010000010011110111110110011110101111001111010111111011001111111110100101111110110011011111101011110011110101111011111111111010
111101011110011110111111001101111101011001000001001101011111011001111010111100111101011111101100110111111010110111111011001101111010111111011111010111110111111111101
111110101111001111010111100110111110101100100000110110101111101100111101011110011110101111110110011011111101001011111101100110111111010111100111101111110011111111011
111111010111100111111011110011011111010110010000010011010111110110011110101111001111010111111011001101111110100101111111110011011111111011111011111111111101101111100
011111101011110011110111111011101111101011001000001001101011111011001111010111100111101011111101100110111111010010111111011001101111111101111001111010111100110111111
101111110101111001111010111100110111110101100100000100110101111101100111101011110011110101111110110011011111101001011111101100111111111110111100111101111110011011111
110111111010111100111101011110011011111010110110000010011010111110110011110101111001111010111111011001101111110100101111110110011110111111111110011110101111011111111
011011111101011111011110101111001101111101011001000001001101011111011001111010111100111101011111101100110111111010010111111011001111111110111111001111010111100111111
001101111110101111001111010111100110111110111100100000100110101111101100111101011110011110101111110110111011111101001011111101110111111111010111101111101111110011110
100110111111110111100111101111110011011111110110010000110011010111110110011110101111001111010111111011001101111110100101111110110111111111101011111011110101111101111
110011011111101011110011110111111001101111101011001000001001101011111011001111010111110111101011111101100111111111010010111111011001101111111101111011111010111100110
011001101111111101111001111010111110110111110101100110000100110101111101100111101011111011110101111110110011011111101001011111101111111111111010111100111101011110011
101100110111111010111100111101011110011011111010110010000010011010111110110011110101111001111010111111011001101111110100101111110110111111111101111111111111111111011
110110011011111101011110011110101111001101111101011001000001001101011111011001111010111100111101011111101100110111111010110111111111101101111110101111101111010111101
111011001101111110101111001111010111100110111110101100100000100110101111111100111101011110011110101111110110011011111101001011111101100111111111110111101111101011111
111101100110111111010111100111101011110011011111010110010000010011010111110110011110101111001111010111111011001101111110100111111110111011111111101111110011110101110
111111110011011111101011110011110101111001101111101011001000011001101011111011001111010111100111101011111101100110111111010010111011011001111111110101111001111111110
111111011001101111110101111001111010111100110111110101100100000100110101111101100111101011110011110101111110110011011111101001011111101100111111111010111100111101111
011111101100110111111010111100111101011110011011111010110011001010011010111110110011110101111001111010111111011001101111110100111111111110111011110111011110111110101
101111110110011011111101011110011111101111001101111101011001010001001101011111011001111010111100111101011111101100110111111010010011111011111101111111101111001111011
010111111011011101111110101111001111010111100110111110101100100000100110101111101100111101011110011110101111110110011011111101001111111101100111111111010111110111101
001011111101100110111111010111100111101011110011011111010110010000010011010111110110011110101111011111010111111011001101111110101101111110110011111111101011110011111
100101111110110011011111111011110011110101111001101111101011001000001001101011111011001111010111100111101011111101100110111111010011111111101101101111110101111101111
110110111111011001101111110101111001111110111100110111110101100100000100110101111101100111101011110011110101111110110011011111101001011111111111111111111011111100110
101001011111101100110111111010111100111101011110011011111010110010000010011010111110110011110101111001111010111111011001101111111100101111110110111011111111111110111
110100101111110110011011111101011110011110101111001101111101011001000001001101011111011001111010111100111101111111101100110111111110010111111111001111111110101111001
111010010111111011101101111110101111001111010111100110111110101100100000100110101111101100111101011110011110101111110110011011111111011011101101100111111111111111101
111101001011111101100110111111010111100111101011110011011111010110010000010011010111110110011110101111001111010111111011001101111111100101111110111011011111101011111
111110100101111110110011011111101011110011110101111001101111101011001000101001101011111011001111010111100111101011111101100110111111110010111111011011101111110101111
111111010010111111011001111111110101111001111010111100110111110101100101000100110101111101100111101011110011110101111110110011011111111001011111101101110111111110111
011111101001011111111100110111111010111100111101011110011111111010110010000010011010111110110011110101111001111010111111011001111111110101111111110111111111111111010
101111110100101111110110111011111101011110011110101111001101111101011001000001101101011111011001111010111100111101011111101100111111111011010111111011001101111110111
110111111010010111111011001101111110101111001111010111100110111110101100100000100110101111101100111101011110011110101111110110011111111111001011111101110111111111111
111011111101001011111101101110111111010111100111101011110011011111010110010000010011010111110110011110101111001111010111111011001101111111110101111111110011111111100
001101111110100101111110111111011111101011110011110101111001101111101011001000001001101011111011001111010111100111101011111101100110111111110110111111011001111111111
100110111111010010111111011001101111110111111001111010111100110111110101101100000100110101111101100111101011110011110101111110110111011111111101011111101100110111111
110011011111101001011111101100110111111010111100111101011110011011111010110010000010011010111110110011110101111001111010111111011011101111111101101111110110011011111
011001101111110100101111111110011011111101011110011110101111001101111101011001000001011101011111011001111010111101111101011111101100111111111011011111111011101101111
101100110111111010011111111011001101111110101111001111010111100110111110101100100000100110101111101100111101011110011110101111111110111011111111101011111111100110111
110110011011111101001011111101100110111111010111100111101011110011011111010110010000010111010111110110011110101111001111010111111111001101111111111101111110110111011
111011001101111110100101111110110011011111101011110011110101111001101111101011001000001001101011111011001111010111100111101011111101100110111111111111111111111101101
111101100110111111011010111111011001101111110101111001111010111100110111110101100100000100110101111101100111101011110011110101111110111111011111101101011111111110111
111110110011011111101001011111111100110111111010111101111101011110011011111010111010000010011010111110110011110101111001111010111111011001111111110101111111110111011
111111011001101111110100101111110111011011111101011110111110101111001101111101011001000001001101011111011001111010111100111101011111111110101111111110011111111111001
011111101100110111111110010111111011001101111110101111001111010111100110111110101110100000100110101111101100111101011110011110101111110111111011111101001011111111110
101111110110011011111101001011111101100110111111010111100111101011110011011111010110010001010011010111110110011110101111101111010111111011111101111110100101111110111
010111111011001101111110100101111110110011011111101011110011110101111001101111101011001010001001101011111011001111010111100111101011111101110110111111010011111111011
101011111101100110111111010010111111011001101111110101111001111010111100110111110101100100000100110101111101100111101011110011110101111110111011111111111001111111101
110101111110110011011111101001011111101100110111111010111100111101011110011011111010110010000010011010111110110011110101111001111111111111011011111111110100101111111
111010111111011011111111110100101111110110011011111101011110011110101111001101111101011001000001001101011111011001111010111100111101011111111110110111111011010111111
111101111111101100110111111010010111111011001101111110101111001111010111100110111110101100100000100110101111101100111101011110011110101111111110111011111101101011111
011110101111110110111011111101001011111101100110111111010111100111101011110011011111010110010000010011010111111110011110101111001111110111111111001111111110100101111
001111010111111011001101111110100101111110110011011111101011110011110101111001101111101011001000001001111011111011001111010111111111111011111101101111111111110010111
100111101011111101100110111111010010111111011001101111110101111001111010111100110111110101100100000100110101111101100111101111111111110101111111110011111111101001111
110011110101111110110011011111101001011111111100110111111010111110111101011110011011111010110010000010011010111110110011110101111101111011111111111011110111110110101
111101111010111111011001101111110100101111110110011011111101011110011110101111001101111101011001000001001101011111011001111010111101111101001111101101111111111110111
111101111101011111101100110111111010010111111011001101111110101111001111010111100110111110101100100010100111101111101101111101011110011111111111111110111011111101000
011110011111101111110110011011111101001011111101100110111111010111100111101011110011011111010110010100010011010111110110011111101111111111010111111011001101111110111
101111001111010111111011001101111110100101111110110011011111101011110011110101111001101111101011001000001001101011111011001111010111110111111011111101101111111111011
010111100111101011111101100111111111010010111111011101101111110101111001111010111100110111110101100100000100110101111101100111101111110011110101111111110011011111111
101011110011110101111111110011011111101001011111101100110111111010111100111101011110011011111011110010000010011010111110111011110101111001111110111111011001111111111
110111111001111010111111011001101111110100101111110110011011111101011110011110101111001101111101011001000001001101011111011001111111111100111111011111101101110111111
111010111100111101011111101101110111111011010111111011001101111110101111001111010111100110111110101100100000100111101111101100111101001110011111101110111110011111111
111101011110011110101111110110011011111101101011111101100110111111010111100111101011110011011111010110010000010011010111110110011110111111111111010111111011101111111
011110101111001111010111111011001101111110100101111111110011011111101011110011110101111001101111101111001000001001101011111011001111010111100111101111111111101111111
001111010111100111101011111111100110111111011010111111011001101111111101111001111010111100110111110101100100000100110101111101100111101011110011111101111111110011111
100111101011110011110101111110110011011111101001011111101100110111111010111100111101011110011011111010110010000110011010111110111111110101111001111111111111111011101
110011110101111001111010111111011001101111110100101111110110011011111101011110011110101111001111111101011001000001001101011111111101111010111110111101011111111100110
011001111011111100111111111111101100110111111010010111111011001101111110101111001111010111100110111110101100110000100110101111101100111101011110111111101111111110011
101100111101011110011110111111110110011011111101001011111101100110111111010111100111101011110011011111010110010000010011010111111110011110101111011111010111111011011
110110011110101111001111010111111011001101111110100101111110110011011111101011111011110101111001101111101111001000011001101011111111011111110111110111101011111101100
111011001111010111100111101011111101100110111111010010111111011001101111110101111001111010111100110111110101100100000100110101111101111111111011110011111101111110011
111101100111101111110011111101111110110011011111101001011111101100110111111010111100111101011110011011111010110011000010011010111111110111110101111001111010111111110
111110110011110101111001111010111111011001101111110100101111110110011011111101011110011110101111001101111101011001000001001101011111011011111110111111111101111111101
111111011001111110111100111101011111101100110111111010010111111011001101111110101111001111010111100110111110101100100000100110101111101100111111011110011111111111111
101111101111111101011111011110101111110110011011111101001011111101100110111111010111100111101011110011011111010110010000010011010111111110011110101111001111010111111
010111111110011111101111001111011111111011001111111110100101111110110011011111101011110011110101111101101111101011001000001001101111111011011111010111100111101011111
111011111011001111010111100111101111111111100110111111011010111111011001101111110101111011111010111100110111110101100100000100110101111101100111111011111011110101111
110101111101100111101011110011110111111110110011011111101001011111101100110111111010111100111101011110011011111010110010000010011111111110110011110111111011111010111
011010111110111011110101111001111010111111011001101111110100101111110110011011111101011110011110101111011101111101011001000001011101011111011001111010111111111101111
011101011111011001111010111100111101011111101100110111111010010111111011001101111110101111001111110111100110111110101100100000100110101111111111111101011110111110101
100110101111101100111101011110011110101111110110011011111111001011111101100110111111010111100111101011110011011111010110010000011011010111110110111111101111101111011
010011010111110110011110101111011111110111111011001101111110100101111110110011011111101011110011110111111001101111101011001000001101111011111011011111110111100111101
001001101011111011001111010111100111111011111101100110111111010010111111011001101111110101111001111010111100111111110101100100000101111111111111100111111111110011110
101100110111111101101111101011110111110111111110110111011111111001011111111100110111111010111101111101011110011011111010111010000010111110111101110011111111011000011
111110011101101111111111110101111001111011111111111001101111110110111111111110011111111101011111111110101111011111111101011011000001111101011110011101110111001111011
101111101111110111110110111010111100111100110111111110111110110110011111111111101111111110111111111111111111111111111111111101100000101110100111001100111111110111100
111110110110111111111111111101011110011111101111111110111011111101001111111101110110111111010111100111101011110011011111010110010000010111010111101110011101111011111
011111011011110111111111111111101111001111010111101111101101111111100111111110110011011111111011111011111101111001111111111011101000000011101101110011011110011111110
001001001101111111111011111111010111100111101011111111111110111111010011111111011101101111110111111011111010111100110111110101111100001101110001111011100111011010111
101111100110111011011111110111101011110111111111111110110011011111101101111111101100111111111011111111111011011111111011111011111010000010111010010101110011101101011
110110010111011011101111111111111101111001111011111111111011111111110100101111111110111011111101011110011110101111101111111101111100100101011101011100111001010111101
011001001011011101111111111101111010111100111101111111111100110111111010010111111011101101111110101111001111010111110110111110111110101000111110101110011100111011111
111101101100110111111111111111111111111111111110111111110110011011111101001111111101101110111111010111100111101011111011011111110111010001010111011111101110001100110
111110010111010011111101110111111110101111101111010111111111001101111110111111111110110111011111111111110011110101111001101111101011101010001111101011110111001110110
101111111011011001111111111011001111010111100111111011111111111111111111010011111111011111101111110101111011111011111100110111110101110100000101110101111011111011011
011111100101101110111111011101111011101011111011111101111111111010111011111011111111110111111111110111111110111101111111011111111010111110000010111010111001010011101
111111110111011110011011101111110011110101111011111011111111111001101111110100111111111110111111111101011110011110101111001101111001011101000001111101011100101111111
111101111011011011101101110111111101111010111100111101011111101101111111111011110111111011001111111110111111001111011111100110111111001111100010101110001110001110111
111111111101100100100110110111101111111101011110011110101111110110111011111101001111111101111110111111011111101111101111110111101110010111010100011111110111101110010
011111111110011110110011111101111111111110101111001111010111111111101101111110111111111110110011111111101111110011110101111101110111101011101000001001101011110101011
111011111111001111011001101111111011001111110111100111111111111111110110111111010111111111111101111111110101111101111010111110110011100101111100001110110101111010110
110111111101101101100100111111111101101111101011110011110101111110110011011111101011011111111100110111111010111111111101111111011001111010111010000001111110111100111
011011111010110010010111011011111111111011110111111111111010101111111011101111111111101111110111011111111101111110011110101111001110101111011111100101001100111100111
111111111101011011101011001111110111111011111110111100111111011111101100110111111011111111111011001101111111111111001111010111101110011110101110101010101110111111000
111010111101111110101111110111111011111111111111011111011110111111111111011011111101001011111111110110111111010111101111111011110011100111010110100100000111110111101
111111011111111110011010111011111101011101011110101111011111011111111111111111111111110101111111111011111011111111111011110111111001110011101011011000001011101001111
111101101111101011011101011001111110111111001111110111111111101011111101110110111111010010111111111101101111110101111001111011111100111011110011110100010111111101110
111110110111110111101110111100111111011101111111101011110011110101111110110111011111111001111111111100110111111010111100111101111111011101111010110000100010111011111
011111011011111110110110111110011111111110110011110101111101111010111111011001101111111100101111101111011111111101111110111110110111001110111101011101000001011101011
101111111101111101011001001111101111111111011011111110111100111101011111111100110111111010010111111011001101111110101111001111111111100111001110111110100010101110101
010111111110111111101100100100110110101111111100111101011110011110111111110110011111111101001011111101100111111111010111111111111101110011100111010111110100110111001
111011111111111111011110010011111011111101111110011110111111001111110111111111001101111111101101111111111011111111101111111011111110111001110011100011101000011011001
111111111110101111100111011111111001011111011111001111010111110111111111111111101111111111110111111111011011111111111101111111100110010100101011111111110110011101100
111010111110110111110111101100110110111111111101110111111011110111110101111111110011111111101001011111111100111111111110111100110111101100110001111110111011100010110
111101011110111011111110110110010010011111111110110011110101111001111110111111011001101111110100101111110111011111111101011110011011110111101110111101111101100001010
111110101111101101111101011001111111101111011111011011111011111101111101111111101111111111111010011111111111001101111110101111001101011011001111011110101110100000001
001111110111100110111111101100100100100110111111111100111101011110011110111111110110111111111101011011111111110110111111010111101111101101111110100110010111010001111
100111111011111111011111011110110011011011011111111110011111101111001111010111111011011101111110100101111111110011011111101011101111011100111001000111111011101010101
110011110101111111111111111111011001111101101011111111001111110111110111101111111101100110111111111010111111111001011111111101100111101111011100111011110100110011010
111001111010111100111111111111100110110110110101111111110111101011110011111101111110110111011111101011111111101110110111111010111011110111101111111001111000011010100
011111011011111101111101101101111111111111101101111010111100111111011111101101111111111011111111111011111111110110101111111111011010111100111101011011011111000111000

