0000100011111111101010111011010101100111111101000111111001111101000111010101100101010001101111101101111101100010101001101010111000101111100111111000101111111001101010110111010101111111110001000
0000010001111111110101011101101010110011111110100011111100111110100011101010110010101000110111110110111110110001010100110101011100010111110011111100010111111100110101011011101010111111111000100
0000001000111111111010101110110101011001111111010001111110011111010001110101011001010100011011111011011111011000101010011010101110001011111001111110001011111110011010101101110101011111111100010
0000000100011111111101010111011010101100111111101000111111001111101000111010101100101010001101111101101111101100010101001101010111000101111100111111000101111111001101010110111010101111111110001
1000000010001111111110101011101101010110011111110100011111100111110100011101010110010101000110111110110111110110001010100110101011100010111110011111100010111111100110101011011101010111111111000
0100000001000111111111010101110110101011001111111010001111110011111010001110101011001010100011011111011011111011000101010011010101110001011111001111110001011111110011010101101110101011111111100
0010000000100011111111101010111011010101100111111101000111111001111101000111010101100101010001101111101101111101100010101001101010111000101111100111111000101111111001101010110111010101111111110
0001000000010001111111110101011101101010110011111110100011111100111110100011101010110010101000110111110110111110110001010100110101011100010111110011111100010111111100110101011011101010111111111
1000100000001000111111111010101110110101011001111111010001111110011111010001110101011001010100011011111011011111011000101010011010101110001011111001111110001011111110011010101101110101011111111
1100010000000100011111111101010111011010101100111111101000111111001111101000111010101100101010001101111101101111101100010101001101010111000101111100111111000101111111001101010110111010101111111
1110001000000010001111111110101011101101010110011111110100011111100111110100011101010110010101000110111110110111110110001010100110101011100010111110011111100010111111100110101011011101010111111
1111000100000001000111111111010101110110101011001111111010001111110011111010001110101011001010100011011111011011111011000101010011010101110001011111001111110001011111110011010101101110101011111
1111100010000000100011111111101010111011010101100111111101000111111001111101000111010101100101010001101111101101111101100010101001101010111000101111100111111000101111111001101010110111010101111
1111110001000000010001111111110101011101101010110011111110100011111100111110100011101010110010101000110111110110111110110001010100110101011100010111110011111100010111111100110101011011101010111
1111111000100000001000111111111010101110110101011001111111010001111110011111010001110101011001010100011011111011011111011000101010011010101110001011111001111110001011111110011010101101110101011
1111111100010000000100011111111101010111011010101100111111101000111111001111101000111010101100101010001101111101101111101100010101001101010111000101111100111111000101111111001101010110111010101
1111111110001000000010001111111110101011101101010110011111110100011111100111110100011101010110010101000110111110110111110110001010100110101011100010111110011111100010111111100110101011011101010
0111111111000100000001000111111111010101110110101011001111111010001111110011111010001110101011001010100011011111011011111011000101010011010101110001011111001111110001011111110011010101101110101
1011111111100010000000100011111111101010111011010101100111111101000111111001111101000111010101100101010001101111101101111101100010101001101010111000101111100111111000101111111001101010110111010
0101111111110001000000010001111111110101011101101010110011111110100011111100111110100011101010110010101000110111110110111110110001010100110101011100010111110011111100010111111100110101011011101
1010111111111000100000001000111111111010101110110101011001111111010001111110011111010001110101011001010100011011111011011111011000101010011010101110001011111001111110001011111110011010101101110
0101011111111100010000000100011111111101010111011010101100111111101000111111001111101000111010101100101010001101111101101111101100010101001101010111000101111100111111000101111111001101010110111
1010101111111110001000000010001111111110101011101101010110011111110100011111100111110100011101010110010101000110111110110111110110001010100110101011100010111110011111100010111111100110101011011
1101010111111111000100000001000111111111010101110110101011001111111010001111110011111010001110101011001010100011011111011011111011000101010011010101110001011111001111110001011111110011010101101
1110101011111111100010000000100011111111101010111011010101100111111101000111111001111101000111010101100101010001101111101101111101100010101001101010111000101111100111111000101111111001101010110
0111010101111111110001000000010001111111110101011101101010110011111110100011111100111110100011101010110010101000110111110110111110110001010100110101011100010111110011111100010111111100110101011
1011101010111111111000100000001000111111111010101110110101011001111111010001111110011111010001110101011001010100011011111011011111011000101010011010101110001011111001111110001011111110011010101
1101110101011111111100010000000100011111111101010111011010101100111111101000111111001111101000111010101100101010001101111101101111101100010101001101010111000101111100111111000101111111001101010
0110111010101111111110001000000010001111111110101011101101010110011111110100011111100111110100011101010110010101000110111110110111110110001010100110101011100010111110011111100010111111100110101
1011011101010111111111000100000001000111111111010101110110101011001111111010001111110011111010001110101011001010100011011111011011111011000101010011010101110001011111001111110001011111110011010
0101101110101011111111100010000000100011111111101010111011010101100111111101000111111001111101000111010101100101010001101111101101111101100010101001101010111000101111100111111000101111111001101
1010110111010101111111110001000000010001111111110101011101101010110011111110100011111100111110100011101010110010101000110111110110111110110001010100110101011100010111110011111100010111111100110
0101011011101010111111111000100000001000111111111010101110110101011001111111010001111110011111010001110101011001010100011011111011011111011000101010011010101110001011111001111110001011111110011
1010101101110101011111111100010000000100011111111101010111011010101100111111101000111111001111101000111010101100101010001101111101101111101100010101001101010111000101111100111111000101111111001
1101010110111010101111111110001000000010001111111110101011101101010110011111110100011111100111110100011101010110010101000110111110110111110110001010100110101011100010111110011111100010111111100
0110101011011101010111111111000100000001000111111111010101110110101011001111111010001111110011111010001110101011001010100011011111011011111011000101010011010101110001011111001111110001011111110
0011010101101110101011111111100010000000100011111111101010111011010101100111111101000111111001111101000111010101100101010001101111101101111101100010101001101010111000101111100111111000101111111
1001101010110111010101111111110001000000010001111111110101011101101010110011111110100011111100111110100011101010110010101000110111110110111110110001010100110101011100010111110011111100010111111
1100110101011011101010111111111000100000001000111111111010101110110101011001111111010001111110011111010001110101011001010100011011111011011111011000101010011010101110001011111001111110001011111
1110011010101101110101011111111100010000000100011111111101010111011010101100111111101000111111001111101000111010101100101010001101111101101111101100010101001101010111000101111100111111000101111
1111001101010110111010101111111110001000000010001111111110101011101101010110011111110100011111100111110100011101010110010101000110111110110111110110001010100110101011100010111110011111100010111
1111100110101011011101010111111111000100000001000111111111010101110110101011001111111010001111110011111010001110101011001010100011011111011011111011000101010011010101110001011111001111110001011
1111110011010101101110101011111111100010000000100011111111101010111011010101100111111101000111111001111101000111010101100101010001101111101101111101100010101001101010111000101111100111111000101
1111111001101010110111010101111111110001000000010001111111110101011101101010110011111110100011111100111110100011101010110010101000110111110110111110110001010100110101011100010111110011111100010
0111111100110101011011101010111111111000100000001000111111111010101110110101011001111111010001111110011111010001110101011001010100011011111011011111011000101010011010101110001011111001111110001
1011111110011010101101110101011111111100010000000100011111111101010111011010101100111111101000111111001111101000111010101100101010001101111101101111101100010101001101010111000101111100111111000
0101111111001101010110111010101111111110001000000010001111111110101011101101010110011111110100011111100111110100011101010110010101000110111110110111110110001010100110101011100010111110011111100
0010111111100110101011011101010111111111000100000001000111111111010101110110101011001111111010001111110011111010001110101011001010100011011111011011111011000101010011010101110001011111001111110
0001011111110011010101101110101011111111100010000000100011111111101010111011010101100111111101000111111001111101000111010101100101010001101111101101111101100010101001101010111000101111100111111
1000101111111001101010110111010101111111110001000000010001111111110101011101101010110011111110100011111100111110100011101010110010101000110111110110111110110001010100110101011100010111110011111
1100010111111100110101011011101010111111111000100000001000111111111010101110110101011001111111010001111110011111010001110101011001010100011011111011011111011000101010011010101110001011111001111
1110001011111110011010101101110101011111111100010000000100011111111101010111011010101100111111101000111111001111101000111010101100101010001101111101101111101100010101001101010111000101111100111
1111000101111111001101010110111010101111111110001000000010001111111110101011101101010110011111110100011111100111110100011101010110010101000110111110110111110110001010100110101011100010111110011
1111100010111111100110101011011101010111111111000100000001000111111111010101110110101011001111111010001111110011111010001110101011001010100011011111011011111011000101010011010101110001011111001
1111110001011111110011010101101110101011111111100010000000100011111111101010111011010101100111111101000111111001111101000111010101100101010001101111101101111101100010101001101010111000101111100
0111111000101111111001101010110111010101111111110001000000010001111111110101011101101010110011111110100011111100111110100011101010110010101000110111110110111110110001010100110101011100010111110
0011111100010111111100110101011011101010111111111000100000001000111111111010101110110101011001111111010001111110011111010001110101011001010100011011111011011111011000101010011010101110001011111
1001111110001011111110011010101101110101011111111100010000000100011111111101010111011010101100111111101000111111001111101000111010101100101010001101111101101111101100010101001101010111000101111
1100111111000101111111001101010110111010101111111110001000000010001111111110101011101101010110011111110100011111100111110100011101010110010101000110111110110111110110001010100110101011100010111
1110011111100010111111100110101011011101010111111111000100000001000111111111010101110110101011001111111010001111110011111010001110101011001010100011011111011011111011000101010011010101110001011
1111001111110001011111110011010101101110101011111111100010000000100011111111101010111011010101100111111101000111111001111101000111010101100101010001101111101101111101100010101001101010111000101
1111100111111000101111111001101010110111010101111111110001000000010001111111110101011101101010110011111110100011111100111110100011101010110010101000110111110110111110110001010100110101011100010
0111110011111100010111111100110101011011101010111111111000100000001000111111111010101110110101011001111111010001111110011111010001110101011001010100011011111011011111011000101010011010101110001
1011111001111110001011111110011010101101110101011111111100010000000100011111111101010111011010101100111111101000111111001111101000111010101100101010001101111101101111101100010101001101010111000
0101111100111111000101111111001101010110111010101111111110001000000010001111111110101011101101010110011111110100011111100111110100011101010110010101000110111110110111110110001010100110101011100
0010111110011111100010111111100110101011011101010111111111000100000001000111111111010101110110101011001111111010001111110011111010001110101011001010100011011111011011111011000101010011010101110
0001011111001111110001011111110011010101101110101011111111100010000000100011111111101010111011010101100111111101000111111001111101000111010101100101010001101111101101111101100010101001101010111
1000101111100111111000101111111001101010110111010101111111110001000000010001111111110101011101101010110011111110100011111100111110100011101010110010101000110111110110111110110001010100110101011
1100010111110011111100010111111100110101011011101010111111111000100000001000111111111010101110110101011001111111010001111110011111010001110101011001010100011011111011011111011000101010011010101
1110001011111001111110001011111110011010101101110101011111111100010000000100011111111101010111011010101100111111101000111111001111101000111010101100101010001101111101101111101100010101001101010
0111000101111100111111000101111111001101010110111010101111111110001000000010001111111110101011101101010110011111110100011111100111110100011101010110010101000110111110110111110110001010100110101
1011100010111110011111100010111111100110101011011101010111111111000100000001000111111111010101110110101011001111111010001111110011111010001110101011001010100011011111011011111011000101010011010
0101110001011111001111110001011111110011010101101110101011111111100010000000100011111111101010111011010101100111111101000111111001111101000111010101100101010001101111101101111101100010101001101
1010111000101111100111111000101111111001101010110111010101111111110001000000010001111111110101011101101010110011111110100011111100111110100011101010110010101000110111110110111110110001010100110
0101011100010111110011111100010111111100110101011011101010111111111000100000001000111111111010101110110101011001111111010001111110011111010001110101011001010100011011111011011111011000101010011
1010101110001011111001111110001011111110011010101101110101011111111100010000000100011111111101010111011010101100111111101000111111001111101000111010101100101010001101111101101111101100010101001
1101010111000101111100111111000101111111001101010110111010101111111110001000000010001111111110101011101101010110011111110100011111100111110100011101010110010101000110111110110111110110001010100
0110101011100010111110011111100010111111100110101011011101010111111111000100000001000111111111010101110110101011001111111010001111110011111010001110101011001010100011011111011011111011000101010
0011010101110001011111001111110001011111110011010101101110101011111111100010000000100011111111101010111011010101100111111101000111111001111101000111010101100101010001101111101101111101100010101
1001101010111000101111100111111000101111111001101010110111010101111111110001000000010001111111110101011101101010110011111110100011111100111110100011101010110010101000110111110110111110110001010
0100110101011100010111110011111100010111111100110101011011101010111111111000100000001000111111111010101110110101011001111111010001111110011111010001110101011001010100011011111011011111011000101
1010011010101110001011111001111110001011111110011010101101110101011111111100010000000100011111111101010111011010101100111111101000111111001111101000111010101100101010001101111101101111101100010
0101001101010111000101111100111111000101111111001101010110111010101111111110001000000010001111111110101011101101010110011111110100011111100111110100011101010110010101000110111110110111110110001
1010100110101011100010111110011111100010111111100110101011011101010111111111000100000001000111111111010101110110101011001111111010001111110011111010001110101011001010100011011111011011111011000
0101010011010101110001011111001111110001011111110011010101101110101011111111100010000000100011111111101010111011010101100111111101000111111001111101000111010101100101010001101111101101111101100
0010101001101010111000101111100111111000101111111001101010110111010101111111110001000000010001111111110101011101101010110011111110100011111100111110100011101010110010101000110111110110111110110
0001010100110101011100010111110011111100010111111100110101011011101010111111111000100000001000111111111010101110110101011001111111010001111110011111010001110101011001010100011011111011011111011
1000101010011010101110001011111001111110001011111110011010101101110101011111111100010000000100011111111101010111011010101100111111101000111111001111101000111010101100101010001101111101101111101
1100010101001101010111000101111100111111000101111111001101010110111010101111111110001000000010001111111110101011101101010110011111110100011111100111110100011101010110010101000110111110110111110
0110001010100110101011100010111110011111100010111111100110101011011101010111111111000100000001000111111111010101110110101011001111111010001111110011111010001110101011001010100011011111011011111
1011000101010011010101110001011111001111110001011111110011010101101110101011111111100010000000100011111111101010111011010101100111111101000111111001111101000111010101100101010001101111101101111
1101100010101001101010111000101111100111111000101111111001101010110111010101111111110001000000010001111111110101011101101010110011111110100011111100111110100011101010110010101000110111110110111
1110110001010100110101011100010111110011111100010111111100110101011011101010111111111000100000001000111111111010101110110101011001111111010001111110011111010001110101011001010100011011111011011
1111011000101010011010101110001011111001111110001011111110011010101101110101011111111100010000000100011111111101010111011010101100111111101000111111001111101000111010101100101010001101111101101
1111101100010101001101010111000101111100111111000101111111001101010110111010101111111110001000000010001111111110101011101101010110011111110100011111100111110100011101010110010101000110111110110
0111110110001010100110101011100010111110011111100010111111100110101011011101010111111111000100000001000111111111010101110110101011001111111010001111110011111010001110101011001010100011011111011
1011111011000101010011010101110001011111001111110001011111110011010101101110101011111111100010000000100011111111101010111011010101100111111101000111111001111101000111010101100101010001101111101
1101111101100010101001101010111000101111100111111000101111111001101010110111010101111111110001000000010001111111110101011101101010110011111110100011111100111110100011101010110010101000110111110
0110111110110001010100110101011100010111110011111100010111111100110101011011101010111111111000100000001000111111111010101110110101011001111111010001111110011111010001110101011001010100011011111
1011011111011000101010011010101110001011111001111110001011111110011010101101110101011111111100010000000100011111111101010111011010101100111111101000111111001111101000111010101100101010001101111
1101101111101100010101001101010111000101111100111111000101111111001101010110111010101111111110001000000010001111111110101011101101010110011111110100011111100111110100011101010110010101000110111
1110110111110110001010100110101011100010111110011111100010111111100110101011011101010111111111000100000001000111111111010101110110101011001111111010001111110011111010001110101011001010100011011
1111011011111011000101010011010101110001011111001111110001011111110011010101101110101011111111100010000000100011111111101010111011010101100111111101000111111001111101000111010101100101010001101
1111101101111101100010101001101010111000101111100111111000101111111001101010110111010101111111110001000000010001111111110101011101101010110011111110100011111100111110100011101010110010101000110
0111110110111110110001010100110101011100010111110011111100010111111100110101011011101010111111111000100000001000111111111010101110110101011001111111010001111110011111010001110101011001010100011
1011111011011111011000101010011010101110001011111001111110001011111110011010101101110101011111111100010000000100011111111101010111011010101100111111101000111111001111101000111010101100101010001
1101111101101111101100010101001101010111000101111100111111000101111111001101010110111010101111111110001000000010001111111110101011101101010110011111110100011111100111110100011101010110010101000
0110111110110111110110001010100110101011100010111110011111100010111111100110101011011101010111111111000100000001000111111111010101110110101011001111111010001111110011111010001110101011001010100
0011011111011011111011000101010011010101110001011111001111110001011111110011010101101110101011111111100010000000100011111111101010111011010101100111111101000111111001111101000111010101100101010
0001101111101101111101100010101001101010111000101111100111111000101111111001101010110111010101111111110001000000010001111111110101011101101010110011111110100011111100111110100011101010110010101
1000110111110110111110110001010100110101011100010111110011111100010111111100110101011011101010111111111000100000001000111111111010101110110101011001111111010001111110011111010001110101011001010
0100011011111011011111011000101010011010101110001011111001111110001011111110011010101101110101011111111100010000000100011111111101010111011010101100111111101000111111001111101000111010101100101
1010001101111101101111101100010101001101010111000101111100111111000101111111001101010110111010101111111110001000000010001111111110101011101101010110011111110100011111100111110100011101010110010
0101000110111110110111110110001010100110101011100010111110011111100010111111100110101011011101010111111111000100000001000111111111010101110110101011001111111010001111110011111010001110101011001
1010100011011111011011111011000101010011010101110001011111001111110001011111110011010101101110101011111111100010000000100011111111101010111011010101100111111101000111111001111101000111010101100
0101010001101111101101111101100010101001101010111000101111100111111000101111111001101010110111010101111111110001000000010001111111110101011101101010110011111110100011111100111110100011101010110
0010101000110111110110111110110001010100110101011100010111110011111100010111111100110101011011101010111111111000100000001000111111111010101110110101011001111111010001111110011111010001110101011
1001010100011011111011011111011000101010011010101110001011111001111110001011111110011010101101110101011111111100010000000100011111111101010111011010101100111111101000111111001111101000111010101
1100101010001101111101101111101100010101001101010111000101111100111111000101111111001101010110111010101111111110001000000010001111111110101011101101010110011111110100011111100111110100011101010
0110010101000110111110110111110110001010100110101011100010111110011111100010111111100110101011011101010111111111000100000001000111111111010101110110101011001111111010001111110011111010001110101
1011001010100011011111011011111011000101010011010101110001011111001111110001011111110011010101101110101011111111100010000000100011111111101010111011010101100111111101000111111001111101000111010
0101100101010001101111101101111101100010101001101010111000101111100111111000101111111001101010110111010101111111110001000000010001111111110101011101101010110011111110100011111100111110100011101
1010110010101000110111110110111110110001010100110101011100010111110011111100010111111100110101011011101010111111111000100000001000111111111010101110110101011001111111010001111110011111010001110
0101011001010100011011111011011111011000101010011010101110001011111001111110001011111110011010101101110101011111111100010000000100011111111101010111011010101100111111101000111111001111101000111
1010101100101010001101111101101111101100010101001101010111000101111100111111000101111111001101010110111010101111111110001000000010001111111110101011101101010110011111110100011111100111110100011
1101010110010101000110111110110111110110001010100110101011100010111110011111100010111111100110101011011101010111111111000100000001000111111111010101110110101011001111111010001111110011111010001
1110101011001010100011011111011011111011000101010011010101110001011111001111110001011111110011010101101110101011111111100010000000100011111111101010111011010101100111111101000111111001111101000
0111010101100101010001101111101101111101100010101001101010111000101111100111111000101111111001101010110111010101111111110001000000010001111111110101011101101010110011111110100011111100111110100
0011101010110010101000110111110110111110110001010100110101011100010111110011111100010111111100110101011011101010111111111000100000001000111111111010101110110101011001111111010001111110011111010
0001110101011001010100011011111011011111011000101010011010101110001011111001111110001011111110011010101101110101011111111100010000000100011111111101010111011010101100111111101000111111001111101
1000111010101100101010001101111101101111101100010101001101010111000101111100111111000101111111001101010110111010101111111110001000000010001111111110101011101101010110011111110100011111100111110
0100011101010110010101000110111110110111110110001010100110101011100010111110011111100010111111100110101011011101010111111111000100000001000111111111010101110110101011001111111010001111110011111
1010001110101011001010100011011111011011111011000101010011010101110001011111001111110001011111110011010101101110101011111111100010000000100011111111101010111011010101100111111101000111111001111
1101000111010101100101010001101111101101111101100010101001101010111000101111100111111000101111111001101010110111010101111111110001000000010001111111110101011101101010110011111110100011111100111
1110100011101010110010101000110111110110111110110001010100110101011100010111110011111100010111111100110101011011101010111111111000100000001000111111111010101110110101011001111111010001111110011
1111010001110101011001010100011011111011011111011000101010011010101110001011111001111110001011111110011010101101110101011111111100010000000100011111111101010111011010101100111111101000111111001
1111101000111010101100101010001101111101101111101100010101001101010111000101111100111111000101111111001101010110111010101111111110001000000010001111111110101011101101010110011111110100011111100
0111110100011101010110010101000110111110110111110110001010100110101011100010111110011111100010111111100110101011011101010111111111000100000001000111111111010101110110101011001111111010001111110
0011111010001110101011001010100011011111011011111011000101010011010101110001011111001111110001011111110011010101101110101011111111100010000000100011111111101010111011010101100111111101000111111
1001111101000111010101100101010001101111101101111101100010101001101010111000101111100111111000101111111001101010110111010101111111110001000000010001111111110101011101101010110011111110100011111
1100111110100011101010110010101000110111110110111110110001010100110101011100010111110011111100010111111100110101011011101010111111111000100000001000111111111010101110110101011001111111010001111
1110011111010001110101011001010100011011111011011111011000101010011010101110001011111001111110001011111110011010101101110101011111111100010000000100011111111101010111011010101100111111101000111
1111001111101000111010101100101010001101111101101111101100010101001101010111000101111100111111000101111111001101010110111010101111111110001000000010001111111110101011101101010110011111110100011
1111100111110100011101010110010101000110111110110111110110001010100110101011100010111110011111100010111111100110101011011101010111111111000100000001000111111111010101110110101011001111111010001
1111110011111010001110101011001010100011011111011011111011000101010011010101110001011111001111110001011111110011010101101110101011111111100010000000100011111111101010111011010101100111111101000
0111111001111101000111010101100101010001101111101101111101100010101001101010111000101111100111111000101111111001101010110111010101111111110001000000010001111111110101011101101010110011111110100
0011111100111110100011101010110010101000110111110110111110110001010100110101011100010111110011111100010111111100110101011011101010111111111000100000001000111111111010101110110101011001111111010
0001111110011111010001110101011001010100011011111011011111011000101010011010101110001011111001111110001011111110011010101101110101011111111100010000000100011111111101010111011010101100111111101
1000111111001111101000111010101100101010001101111101101111101100010101001101010111000101111100111111000101111111001101010110111010101111111110001000000010001111111110101011101101010110011111110
0100011111100111110100011101010110010101000110111110110111110110001010100110101011100010111110011111100010111111100110101011011101010111111111000100000001000111111111010101110110101011001111111
1010001111110011111010001110101011001010100011011111011011111011000101010011010101110001011111001111110001011111110011010101101110101011111111100010000000100011111111101010111011010101100111111
1101000111111001111101000111010101100101010001101111101101111101100010101001101010111000101111100111111000101111111001101010110111010101111111110001000000010001111111110101011101101010110011111
1110100011111100111110100011101010110010101000110111110110111110110001010100110101011100010111110011111100010111111100110101011011101010111111111000100000001000111111111010101110110101011001111
1111010001111110011111010001110101011001010100011011111011011111011000101010011010101110001011111001111110001011111110011010101101110101011111111100010000000100011111111101010111011010101100111
1111101000111111001111101000111010101100101010001101111101101111101100010101001101010111000101111100111111000101111111001101010110111010101111111110001000000010001111111110101011101101010110011
1111110100011111100111110100011101010110010101000110111110110111110110001010100110101011100010111110011111100010111111100110101011011101010111111111000100000001000111111111010101110110101011001
1111111010001111110011111010001110101011001010100011011111011011111011000101010011010101110001011111001111110001011111110011010101101110101011111111100010000000100011111111101010111011010101100
0111111101000111111001111101000111010101100101010001101111101101111101100010101001101010111000101111100111111000101111111001101010110111010101111111110001000000010001111111110101011101101010110
0011111110100011111100111110100011101010110010101000110111110110111110110001010100110101011100010111110011111100010111111100110101011011101010111111111000100000001000111111111010101110110101011
1001111111010001111110011111010001110101011001010100011011111011011111011000101010011010101110001011111001111110001011111110011010101101110101011111111100010000000100011111111101010111011010101
1100111111101000111111001111101000111010101100101010001101111101101111101100010101001101010111000101111100111111000101111111001101010110111010101111111110001000000010001111111110101011101101010
0110011111110100011111100111110100011101010110010101000110111110110111110110001010100110101011100010111110011111100010111111100110101011011101010111111111000100000001000111111111010101110110101
1011001111111010001111110011111010001110101011001010100011011111011011111011000101010011010101110001011111001111110001011111110011010101101110101011111111100010000000100011111111101010111011010
0101100111111101000111111001111101000111010101100101010001101111101101111101100010101001101010111000101111100111111000101111111001101010110111010101111111110001000000010001111111110101011101101
1010110011111110100011111100111110100011101010110010101000110111110110111110110001010100110101011100010111110011111100010111111100110101011011101010111111111000100000001000111111111010101110110
0101011001111111010001111110011111010001110101011001010100011011111011011111011000101010011010101110001011111001111110001011111110011010101101110101011111111100010000000100011111111101010111011
1010101100111111101000111111001111101000111010101100101010001101111101101111101100010101001101010111000101111100111111000101111111001101010110111010101111111110001000000010001111111110101011101
1101010110011111110100011111100111110100011101010110010101000110111110110111110110001010100110101011100010111110011111100010111111100110101011011101010111111111000100000001000111111111010101110
0110101011001111111010001111110011111010001110101011001010100011011111011011111011000101010011010101110001011111001111110001011111110011010101101110101011111111100010000000100011111111101010111
1011010101100111111101000111111001111101000111010101100101010001101111101101111101100010101001101010111000101111100111111000101111111001101010110111010101111111110001000000010001111111110101011
1101101010110011111110100011111100111110100011101010110010101000110111110110111110110001010100110101011100010111110011111100010111111100110101011011101010111111111000100000001000111111111010101
1110110101011001111111010001111110011111010001110101011001010100011011111011011111011000101010011010101110001011111001111110001011111110011010101101110101011111111100010000000100011111111101010
0111011010101100111111101000111111001111101000111010101100101010001101111101101111101100010101001101010111000101111100111111000101111111001101010110111010101111111110001000000010001111111110101
1011101101010110011111110100011111100111110100011101010110010101000110111110110111110110001010100110101011100010111110011111100010111111100110101011011101010111111111000100000001000111111111010
0101110110101011001111111010001111110011111010001110101011001010100011011111011011111011000101010011010101110001011111001111110001011111110011010101101110101011111111100010000000100011111111101
1010111011010101100111111101000111111001111101000111010101100101010001101111101101111101100010101001101010111000101111100111111000101111111001101010110111010101111111110001000000010001111111110
0101011101101010110011111110100011111100111110100011101010110010101000110111110110111110110001010100110101011100010111110011111100010111111100110101011011101010111111111000100000001000111111111
1010101110110101011001111111010001111110011111010001110101011001010100011011111011011111011000101010011010101110001011111001111110001011111110011010101101110101011111111100010000000100011111111
1101010111011010101100111111101000111111001111101000111010101100101010001101111101101111101100010101001101010111000101111100111111000101111111001101010110111010101111111110001000000010001111111
1110101011101101010110011111110100011111100111110100011101010110010101000110111110110111110110001010100110101011100010111110011111100010111111100110101011011101010111111111000100000001000111111
1111010101110110101011001111111010001111110011111010001110101011001010100011011111011011111011000101010011010101110001011111001111110001011111110011010101101110101011111111100010000000100011111
1111101010111011010101100111111101000111111001111101000111010101100101010001101111101101111101100010101001101010111000101111100111111000101111111001101010110111010101111111110001000000010001111
1111110101011101101010110011111110100011111100111110100011101010110010101000110111110110111110110001010100110101011100010111110011111100010111111100110101011011101010111111111000100000001000111
1111111010101110110101011001111111010001111110011111010001110101011001010100011011111011011111011000101010011010101110001011111001111110001011111110011010101101110101011111111100010000000100011
1111111101010111011010101100111111101000111111001111101000111010101100101010001101111101101111101100010101001101010111000101111100111111000101111111001101010110111010101111111110001000000010001
1111111110101011101101010110011111110100011111100111110100011101010110010101000110111110110111110110001010100110101011100010111110011111100010111111100110101011011101010111111111000100000001000
0111111111010101110110101011001111111010001111110011111010001110101011001010100011011111011011111011000101010011010101110001011111001111110001011111110011010101101110101011111111100010000000100
0011111111101010111011010101100111111101000111111001111101000111010101100101010001101111101101111101100010101001101010111000101111100111111000101111111001101010110111010101111111110001000000010
0001111111110101011101101010110011111110100011111100111110100011101010110010101000110111110110111110110001010100110101011100010111110011111100010111111100110101011011101010111111111000100000001
1000111111111010101110110101011001111111010001111110011111010001110101011001010100011011111011011111011000101010011010101110001011111001111110001011111110011010101101110101011111111100010000000
0100011111111101010111011010101100111111101000111111001111101000111010101100101010001101111101101111101100010101001101010111000101111100111111000101111111001101010110111010101111111110001000000
0010001111111110101011101101010110011111110100011111100111110100011101010110010101000110111110110111110110001010100110101011100010111110011111100010111111100110101011011101010111111111000100000
0001000111111111010101110110101011001111111010001111110011111010001110101011001010100011011111011011111011000101010011010101110001011111001111110001011111110011010101101110101011111111100010000
