0011000011101010100110101110101100101110001011100111101110100111101101111011011111111011110111111110100100110110010011111111110010011011001001011111111011110111111110110111101101111001011101111001110100011101001101011101011001010101110000110
0001100001110101010011010111010110010111000101110011110111010011110110111101101111111101111011111111010010011011001001111111111001001101100100101111111101111011111111011011110110111100101110111100111010001110100110101110101100101010111000011
1000110000111010101001101011101011001011100010111001111011101001111011011110110111111110111101111111101001001101100100111111111100100110110010010111111110111101111111101101111011011110010111011110011101000111010011010111010110010101011100001
1100011000011101010100110101110101100101110001011100111101110100111101101111011011111111011110111111110100100110110010011111111110010011011001001011111111011110111111110110111101101111001011101111001110100011101001101011101011001010101110000
0110001100001110101010011010111010110010111000101110011110111010011110110111101101111111101111011111111010010011011001001111111111001001101100100101111111101111011111111011011110110111100101110111100111010001110100110101110101100101010111000
0011000110000111010101001101011101011001011100010111001111011101001111011011110110111111110111101111111101001001101100100111111111100100110110010010111111110111101111111101101111011011110010111011110011101000111010011010111010110010101011100
0001100011000011101010100110101110101100101110001011100111101110100111101101111011011111111011110111111110100100110110010011111111110010011011001001011111111011110111111110110111101101111001011101111001110100011101001101011101011001010101110
0000110001100001110101010011010111010110010111000101110011110111010011110110111101101111111101111011111111010010011011001001111111111001001101100100101111111101111011111111011011110110111100101110111100111010001110100110101110101100101010111
1000011000110000111010101001101011101011001011100010111001111011101001111011011110110111111110111101111111101001001101100100111111111100100110110010010111111110111101111111101101111011011110010111011110011101000111010011010111010110010101011
1100001100011000011101010100110101110101100101110001011100111101110100111101101111011011111111011110111111110100100110110010011111111110010011011001001011111111011110111111110110111101101111001011101111001110100011101001101011101011001010101
1110000110001100001110101010011010111010110010111000101110011110111010011110110111101101111111101111011111111010010011011001001111111111001001101100100101111111101111011111111011011110110111100101110111100111010001110100110101110101100101010
0111000011000110000111010101001101011101011001011100010111001111011101001111011011110110111111110111101111111101001001101100100111111111100100110110010010111111110111101111111101101111011011110010111011110011101000111010011010111010110010101
1011100001100011000011101010100110101110101100101110001011100111101110100111101101111011011111111011110111111110100100110110010011111111110010011011001001011111111011110111111110110111101101111001011101111001110100011101001101011101011001010
0101110000110001100001110101010011010111010110010111000101110011110111010011110110111101101111111101111011111111010010011011001001111111111001001101100100101111111101111011111111011011110110111100101110111100111010001110100110101110101100101
1010111000011000110000111010101001101011101011001011100010111001111011101001111011011110110111111110111101111111101001001101100100111111111100100110110010010111111110111101111111101101111011011110010111011110011101000111010011010111010110010
0101011100001100011000011101010100110101110101100101110001011100111101110100111101101111011011111111011110111111110100100110110010011111111110010011011001001011111111011110111111110110111101101111001011101111001110100011101001101011101011001
1010101110000110001100001110101010011010111010110010111000101110011110111010011110110111101101111111101111011111111010010011011001001111111111001001101100100101111111101111011111111011011110110111100101110111100111010001110100110101110101100
0101010111000011000110000111010101001101011101011001011100010111001111011101001111011011110110111111110111101111111101001001101100100111111111100100110110010010111111110111101111111101101111011011110010111011110011101000111010011010111010110
0010101011100001100011000011101010100110101110101100101110001011100111101110100111101101111011011111111011110111111110100100110110010011111111110010011011001001011111111011110111111110110111101101111001011101111001110100011101001101011101011
1001010101110000110001100001110101010011010111010110010111000101110011110111010011110110111101101111111101111011111111010010011011001001111111111001001101100100101111111101111011111111011011110110111100101110111100111010001110100110101110101
1100101010111000011000110000111010101001101011101011001011100010111001111011101001111011011110110111111110111101111111101001001101100100111111111100100110110010010111111110111101111111101101111011011110010111011110011101000111010011010111010
0110010101011100001100011000011101010100110101110101100101110001011100111101110100111101101111011011111111011110111111110100100110110010011111111110010011011001001011111111011110111111110110111101101111001011101111001110100011101001101011101
1011001010101110000110001100001110101010011010111010110010111000101110011110111010011110110111101101111111101111011111111010010011011001001111111111001001101100100101111111101111011111111011011110110111100101110111100111010001110100110101110
0101100101010111000011000110000111010101001101011101011001011100010111001111011101001111011011110110111111110111101111111101001001101100100111111111100100110110010010111111110111101111111101101111011011110010111011110011101000111010011010111
1010110010101011100001100011000011101010100110101110101100101110001011100111101110100111101101111011011111111011110111111110100100110110010011111111110010011011001001011111111011110111111110110111101101111001011101111001110100011101001101011
1101011001010101110000110001100001110101010011010111010110010111000101110011110111010011110110111101101111111101111011111111010010011011001001111111111001001101100100101111111101111011111111011011110110111100101110111100111010001110100110101
1110101100101010111000011000110000111010101001101011101011001011100010111001111011101001111011011110110111111110111101111111101001001101100100111111111100100110110010010111111110111101111111101101111011011110010111011110011101000111010011010
0111010110010101011100001100011000011101010100110101110101100101110001011100111101110100111101101111011011111111011110111111110100100110110010011111111110010011011001001011111111011110111111110110111101101111001011101111001110100011101001101
1011101011001010101110000110001100001110101010011010111010110010111000101110011110111010011110110111101101111111101111011111111010010011011001001111111111001001101100100101111111101111011111111011011110110111100101110111100111010001110100110
0101110101100101010111000011000110000111010101001101011101011001011100010111001111011101001111011011110110111111110111101111111101001001101100100111111111100100110110010010111111110111101111111101101111011011110010111011110011101000111010011
1010111010110010101011100001100011000011101010100110101110101100101110001011100111101110100111101101111011011111111011110111111110100100110110010011111111110010011011001001011111111011110111111110110111101101111001011101111001110100011101001
1101011101011001010101110000110001100001110101010011010111010110010111000101110011110111010011110110111101101111111101111011111111010010011011001001111111111001001101100100101111111101111011111111011011110110111100101110111100111010001110100
0110101110101100101010111000011000110000111010101001101011101011001011100010111001111011101001111011011110110111111110111101111111101001001101100100111111111100100110110010010111111110111101111111101101111011011110010111011110011101000111010
0011010111010110010101011100001100011000011101010100110101110101100101110001011100111101110100111101101111011011111111011110111111110100100110110010011111111110010011011001001011111111011110111111110110111101101111001011101111001110100011101
1001101011101011001010101110000110001100001110101010011010111010110010111000101110011110111010011110110111101101111111101111011111111010010011011001001111111111001001101100100101111111101111011111111011011110110111100101110111100111010001110
0100110101110101100101010111000011000110000111010101001101011101011001011100010111001111011101001111011011110110111111110111101111111101001001101100100111111111100100110110010010111111110111101111111101101111011011110010111011110011101000111
1010011010111010110010101011100001100011000011101010100110101110101100101110001011100111101110100111101101111011011111111011110111111110100100110110010011111111110010011011001001011111111011110111111110110111101101111001011101111001110100011
1101001101011101011001010101110000110001100001110101010011010111010110010111000101110011110111010011110110111101101111111101111011111111010010011011001001111111111001001101100100101111111101111011111111011011110110111100101110111100111010001
1110100110101110101100101010111000011000110000111010101001101011101011001011100010111001111011101001111011011110110111111110111101111111101001001101100100111111111100100110110010010111111110111101111111101101111011011110010111011110011101000
0111010011010111010110010101011100001100011000011101010100110101110101100101110001011100111101110100111101101111011011111111011110111111110100100110110010011111111110010011011001001011111111011110111111110110111101101111001011101111001110100
0011101001101011101011001010101110000110001100001110101010011010111010110010111000101110011110111010011110110111101101111111101111011111111010010011011001001111111111001001101100100101111111101111011111111011011110110111100101110111100111010
0001110100110101110101100101010111000011000110000111010101001101011101011001011100010111001111011101001111011011110110111111110111101111111101001001101100100111111111100100110110010010111111110111101111111101101111011011110010111011110011101
1000111010011010111010110010101011100001100011000011101010100110101110101100101110001011100111101110100111101101111011011111111011110111111110100100110110010011111111110010011011001001011111111011110111111110110111101101111001011101111001110
0100011101001101011101011001010101110000110001100001110101010011010111010110010111000101110011110111010011110110111101101111111101111011111111010010011011001001111111111001001101100100101111111101111011111111011011110110111100101110111100111
1010001110100110101110101100101010111000011000110000111010101001101011101011001011100010111001111011101001111011011110110111111110111101111111101001001101100100111111111100100110110010010111111110111101111111101101111011011110010111011110011
1101000111010011010111010110010101011100001100011000011101010100110101110101100101110001011100111101110100111101101111011011111111011110111111110100100110110010011111111110010011011001001011111111011110111111110110111101101111001011101111001
1110100011101001101011101011001010101110000110001100001110101010011010111010110010111000101110011110111010011110110111101101111111101111011111111010010011011001001111111111001001101100100101111111101111011111111011011110110111100101110111100
0111010001110100110101110101100101010111000011000110000111010101001101011101011001011100010111001111011101001111011011110110111111110111101111111101001001101100100111111111100100110110010010111111110111101111111101101111011011110010111011110
0011101000111010011010111010110010101011100001100011000011101010100110101110101100101110001011100111101110100111101101111011011111111011110111111110100100110110010011111111110010011011001001011111111011110111111110110111101101111001011101111
1001110100011101001101011101011001010101110000110001100001110101010011010111010110010111000101110011110111010011110110111101101111111101111011111111010010011011001001111111111001001101100100101111111101111011111111011011110110111100101110111
1100111010001110100110101110101100101010111000011000110000111010101001101011101011001011100010111001111011101001111011011110110111111110111101111111101001001101100100111111111100100110110010010111111110111101111111101101111011011110010111011
1110011101000111010011010111010110010101011100001100011000011101010100110101110101100101110001011100111101110100111101101111011011111111011110111111110100100110110010011111111110010011011001001011111111011110111111110110111101101111001011101
1111001110100011101001101011101011001010101110000110001100001110101010011010111010110010111000101110011110111010011110110111101101111111101111011111111010010011011001001111111111001001101100100101111111101111011111111011011110110111100101110
0111100111010001110100110101110101100101010111000011000110000111010101001101011101011001011100010111001111011101001111011011110110111111110111101111111101001001101100100111111111100100110110010010111111110111101111111101101111011011110010111
1011110011101000111010011010111010110010101011100001100011000011101010100110101110101100101110001011100111101110100111101101111011011111111011110111111110100100110110010011111111110010011011001001011111111011110111111110110111101101111001011
1101111001110100011101001101011101011001010101110000110001100001110101010011010111010110010111000101110011110111010011110110111101101111111101111011111111010010011011001001111111111001001101100100101111111101111011111111011011110110111100101
1110111100111010001110100110101110101100101010111000011000110000111010101001101011101011001011100010111001111011101001111011011110110111111110111101111111101001001101100100111111111100100110110010010111111110111101111111101101111011011110010
0111011110011101000111010011010111010110010101011100001100011000011101010100110101110101100101110001011100111101110100111101101111011011111111011110111111110100100110110010011111111110010011011001001011111111011110111111110110111101101111001
1011101111001110100011101001101011101011001010101110000110001100001110101010011010111010110010111000101110011110111010011110110111101101111111101111011111111010010011011001001111111111001001101100100101111111101111011111111011011110110111100
0101110111100111010001110100110101110101100101010111000011000110000111010101001101011101011001011100010111001111011101001111011011110110111111110111101111111101001001101100100111111111100100110110010010111111110111101111111101101111011011110
0010111011110011101000111010011010111010110010101011100001100011000011101010100110101110101100101110001011100111101110100111101101111011011111111011110111111110100100110110010011111111110010011011001001011111111011110111111110110111101101111
1001011101111001110100011101001101011101011001010101110000110001100001110101010011010111010110010111000101110011110111010011110110111101101111111101111011111111010010011011001001111111111001001101100100101111111101111011111111011011110110111
1100101110111100111010001110100110101110101100101010111000011000110000111010101001101011101011001011100010111001111011101001111011011110110111111110111101111111101001001101100100111111111100100110110010010111111110111101111111101101111011011
1110010111011110011101000111010011010111010110010101011100001100011000011101010100110101110101100101110001011100111101110100111101101111011011111111011110111111110100100110110010011111111110010011011001001011111111011110111111110110111101101
1111001011101111001110100011101001101011101011001010101110000110001100001110101010011010111010110010111000101110011110111010011110110111101101111111101111011111111010010011011001001111111111001001101100100101111111101111011111111011011110110
0111100101110111100111010001110100110101110101100101010111000011000110000111010101001101011101011001011100010111001111011101001111011011110110111111110111101111111101001001101100100111111111100100110110010010111111110111101111111101101111011
1011110010111011110011101000111010011010111010110010101011100001100011000011101010100110101110101100101110001011100111101110100111101101111011011111111011110111111110100100110110010011111111110010011011001001011111111011110111111110110111101
1101111001011101111001110100011101001101011101011001010101110000110001100001110101010011010111010110010111000101110011110111010011110110111101101111111101111011111111010010011011001001111111111001001101100100101111111101111011111111011011110
0110111100101110111100111010001110100110101110101100101010111000011000110000111010101001101011101011001011100010111001111011101001111011011110110111111110111101111111101001001101100100111111111100100110110010010111111110111101111111101101111
1011011110010111011110011101000111010011010111010110010101011100001100011000011101010100110101110101100101110001011100111101110100111101101111011011111111011110111111110100100110110010011111111110010011011001001011111111011110111111110110111
1101101111001011101111001110100011101001101011101011001010101110000110001100001110101010011010111010110010111000101110011110111010011110110111101101111111101111011111111010010011011001001111111111001001101100100101111111101111011111111011011
1110110111100101110111100111010001110100110101110101100101010111000011000110000111010101001101011101011001011100010111001111011101001111011011110110111111110111101111111101001001101100100111111111100100110110010010111111110111101111111101101
1111011011110010111011110011101000111010011010111010110010101011100001100011000011101010100110101110101100101110001011100111101110100111101101111011011111111011110111111110100100110110010011111111110010011011001001011111111011110111111110110
0111101101111001011101111001110100011101001101011101011001010101110000110001100001110101010011010111010110010111000101110011110111010011110110111101101111111101111011111111010010011011001001111111111001001101100100101111111101111011111111011
1011110110111100101110111100111010001110100110101110101100101010111000011000110000111010101001101011101011001011100010111001111011101001111011011110110111111110111101111111101001001101100100111111111100100110110010010111111110111101111111101
1101111011011110010111011110011101000111010011010111010110010101011100001100011000011101010100110101110101100101110001011100111101110100111101101111011011111111011110111111110100100110110010011111111110010011011001001011111111011110111111110
0110111101101111001011101111001110100011101001101011101011001010101110000110001100001110101010011010111010110010111000101110011110111010011110110111101101111111101111011111111010010011011001001111111111001001101100100101111111101111011111111
1011011110110111100101110111100111010001110100110101110101100101010111000011000110000111010101001101011101011001011100010111001111011101001111011011110110111111110111101111111101001001101100100111111111100100110110010010111111110111101111111
1101101111011011110010111011110011101000111010011010111010110010101011100001100011000011101010100110101110101100101110001011100111101110100111101101111011011111111011110111111110100100110110010011111111110010011011001001011111111011110111111
1110110111101101111001011101111001110100011101001101011101011001010101110000110001100001110101010011010111010110010111000101110011110111010011110110111101101111111101111011111111010010011011001001111111111001001101100100101111111101111011111
1111011011110110111100101110111100111010001110100110101110101100101010111000011000110000111010101001101011101011001011100010111001111011101001111011011110110111111110111101111111101001001101100100111111111100100110110010010111111110111101111
1111101101111011011110010111011110011101000111010011010111010110010101011100001100011000011101010100110101110101100101110001011100111101110100111101101111011011111111011110111111110100100110110010011111111110010011011001001011111111011110111
1111110110111101101111001011101111001110100011101001101011101011001010101110000110001100001110101010011010111010110010111000101110011110111010011110110111101101111111101111011111111010010011011001001111111111001001101100100101111111101111011
1111111011011110110111100101110111100111010001110100110101110101100101010111000011000110000111010101001101011101011001011100010111001111011101001111011011110110111111110111101111111101001001101100100111111111100100110110010010111111110111101
1111111101101111011011110010111011110011101000111010011010111010110010101011100001100011000011101010100110101110101100101110001011100111101110100111101101111011011111111011110111111110100100110110010011111111110010011011001001011111111011110
0111111110110111101101111001011101111001110100011101001101011101011001010101110000110001100001110101010011010111010110010111000101110011110111010011110110111101101111111101111011111111010010011011001001111111111001001101100100101111111101111
1011111111011011110110111100101110111100111010001110100110101110101100101010111000011000110000111010101001101011101011001011100010111001111011101001111011011110110111111110111101111111101001001101100100111111111100100110110010010111111110111
1101111111101101111011011110010111011110011101000111010011010111010110010101011100001100011000011101010100110101110101100101110001011100111101110100111101101111011011111111011110111111110100100110110010011111111110010011011001001011111111011
1110111111110110111101101111001011101111001110100011101001101011101011001010101110000110001100001110101010011010111010110010111000101110011110111010011110110111101101111111101111011111111010010011011001001111111111001001101100100101111111101
1111011111111011011110110111100101110111100111010001110100110101110101100101010111000011000110000111010101001101011101011001011100010111001111011101001111011011110110111111110111101111111101001001101100100111111111100100110110010010111111110
0111101111111101101111011011110010111011110011101000111010011010111010110010101011100001100011000011101010100110101110101100101110001011100111101110100111101101111011011111111011110111111110100100110110010011111111110010011011001001011111111
1011110111111110110111101101111001011101111001110100011101001101011101011001010101110000110001100001110101010011010111010110010111000101110011110111010011110110111101101111111101111011111111010010011011001001111111111001001101100100101111111
1101111011111111011011110110111100101110111100111010001110100110101110101100101010111000011000110000111010101001101011101011001011100010111001111011101001111011011110110111111110111101111111101001001101100100111111111100100110110010010111111
1110111101111111101101111011011110010111011110011101000111010011010111010110010101011100001100011000011101010100110101110101100101110001011100111101110100111101101111011011111111011110111111110100100110110010011111111110010011011001001011111
1111011110111111110110111101101111001011101111001110100011101001101011101011001010101110000110001100001110101010011010111010110010111000101110011110111010011110110111101101111111101111011111111010010011011001001111111111001001101100100101111
1111101111011111111011011110110111100101110111100111010001110100110101110101100101010111000011000110000111010101001101011101011001011100010111001111011101001111011011110110111111110111101111111101001001101100100111111111100100110110010010111
1111110111101111111101101111011011110010111011110011101000111010011010111010110010101011100001100011000011101010100110101110101100101110001011100111101110100111101101111011011111111011110111111110100100110110010011111111110010011011001001011
1111111011110111111110110111101101111001011101111001110100011101001101011101011001010101110000110001100001110101010011010111010110010111000101110011110111010011110110111101101111111101111011111111010010011011001001111111111001001101100100101
1111111101111011111111011011110110111100101110111100111010001110100110101110101100101010111000011000110000111010101001101011101011001011100010111001111011101001111011011110110111111110111101111111101001001101100100111111111100100110110010010
0111111110111101111111101101111011011110010111011110011101000111010011010111010110010101011100001100011000011101010100110101110101100101110001011100111101110100111101101111011011111111011110111111110100100110110010011111111110010011011001001
1011111111011110111111110110111101101111001011101111001110100011101001101011101011001010101110000110001100001110101010011010111010110010111000101110011110111010011110110111101101111111101111011111111010010011011001001111111111001001101100100
0101111111101111011111111011011110110111100101110111100111010001110100110101110101100101010111000011000110000111010101001101011101011001011100010111001111011101001111011011110110111111110111101111111101001001101100100111111111100100110110010
0010111111110111101111111101101111011011110010111011110011101000111010011010111010110010101011100001100011000011101010100110101110101100101110001011100111101110100111101101111011011111111011110111111110100100110110010011111111110010011011001
1001011111111011110111111110110111101101111001011101111001110100011101001101011101011001010101110000110001100001110101010011010111010110010111000101110011110111010011110110111101101111111101111011111111010010011011001001111111111001001101100
0100101111111101111011111111011011110110111100101110111100111010001110100110101110101100101010111000011000110000111010101001101011101011001011100010111001111011101001111011011110110111111110111101111111101001001101100100111111111100100110110
0010010111111110111101111111101101111011011110010111011110011101000111010011010111010110010101011100001100011000011101010100110101110101100101110001011100111101110100111101101111011011111111011110111111110100100110110010011111111110010011011
1001001011111111011110111111110110111101101111001011101111001110100011101001101011101011001010101110000110001100001110101010011010111010110010111000101110011110111010011110110111101101111111101111011111111010010011011001001111111111001001101
1100100101111111101111011111111011011110110111100101110111100111010001110100110101110101100101010111000011000110000111010101001101011101011001011100010111001111011101001111011011110110111111110111101111111101001001101100100111111111100100110
0110010010111111110111101111111101101111011011110010111011110011101000111010011010111010110010101011100001100011000011101010100110101110101100101110001011100111101110100111101101111011011111111011110111111110100100110110010011111111110010011
1011001001011111111011110111111110110111101101111001011101111001110100011101001101011101011001010101110000110001100001110101010011010111010110010111000101110011110111010011110110111101101111111101111011111111010010011011001001111111111001001
1101100100101111111101111011111111011011110110111100101110111100111010001110100110101110101100101010111000011000110000111010101001101011101011001011100010111001111011101001111011011110110111111110111101111111101001001101100100111111111100100
0110110010010111111110111101111111101101111011011110010111011110011101000111010011010111010110010101011100001100011000011101010100110101110101100101110001011100111101110100111101101111011011111111011110111111110100100110110010011111111110010
0011011001001011111111011110111111110110111101101111001011101111001110100011101001101011101011001010101110000110001100001110101010011010111010110010111000101110011110111010011110110111101101111111101111011111111010010011011001001111111111001
1001101100100101111111101111011111111011011110110111100101110111100111010001110100110101110101100101010111000011000110000111010101001101011101011001011100010111001111011101001111011011110110111111110111101111111101001001101100100111111111100
0100110110010010111111110111101111111101101111011011110010111011110011101000111010011010111010110010101011100001100011000011101010100110101110101100101110001011100111101110100111101101111011011111111011110111111110100100110110010011111111110
0010011011001001011111111011110111111110110111101101111001011101111001110100011101001101011101011001010101110000110001100001110101010011010111010110010111000101110011110111010011110110111101101111111101111011111111010010011011001001111111111
1001001101100100101111111101111011111111011011110110111100101110111100111010001110100110101110101100101010111000011000110000111010101001101011101011001011100010111001111011101001111011011110110111111110111101111111101001001101100100111111111
1100100110110010010111111110111101111111101101111011011110010111011110011101000111010011010111010110010101011100001100011000011101010100110101110101100101110001011100111101110100111101101111011011111111011110111111110100100110110010011111111
1110010011011001001011111111011110111111110110111101101111001011101111001110100011101001101011101011001010101110000110001100001110101010011010111010110010111000101110011110111010011110110111101101111111101111011111111010010011011001001111111
1111001001101100100101111111101111011111111011011110110111100101110111100111010001110100110101110101100101010111000011000110000111010101001101011101011001011100010111001111011101001111011011110110111111110111101111111101001001101100100111111
1111100100110110010010111111110111101111111101101111011011110010111011110011101000111010011010111010110010101011100001100011000011101010100110101110101100101110001011100111101110100111101101111011011111111011110111111110100100110110010011111
1111110010011011001001011111111011110111111110110111101101111001011101111001110100011101001101011101011001010101110000110001100001110101010011010111010110010111000101110011110111010011110110111101101111111101111011111111010010011011001001111
1111111001001101100100101111111101111011111111011011110110111100101110111100111010001110100110101110101100101010111000011000110000111010101001101011101011001011100010111001111011101001111011011110110111111110111101111111101001001101100100111
1111111100100110110010010111111110111101111111101101111011011110010111011110011101000111010011010111010110010101011100001100011000011101010100110101110101100101110001011100111101110100111101101111011011111111011110111111110100100110110010011
1111111110010011011001001011111111011110111111110110111101101111001011101111001110100011101001101011101011001010101110000110001100001110101010011010111010110010111000101110011110111010011110110111101101111111101111011111111010010011011001001
1111111111001001101100100101111111101111011111111011011110110111100101110111100111010001110100110101110101100101010111000011000110000111010101001101011101011001011100010111001111011101001111011011110110111111110111101111111101001001101100100
0111111111100100110110010010111111110111101111111101101111011011110010111011110011101000111010011010111010110010101011100001100011000011101010100110101110101100101110001011100111101110100111101101111011011111111011110111111110100100110110010
0011111111110010011011001001011111111011110111111110110111101101111001011101111001110100011101001101011101011001010101110000110001100001110101010011010111010110010111000101110011110111010011110110111101101111111101111011111111010010011011001
1001111111111001001101100100101111111101111011111111011011110110111100101110111100111010001110100110101110101100101010111000011000110000111010101001101011101011001011100010111001111011101001111011011110110111111110111101111111101001001101100
0100111111111100100110110010010111111110111101111111101101111011011110010111011110011101000111010011010111010110010101011100001100011000011101010100110101110101100101110001011100111101110100111101101111011011111111011110111111110100100110110
0010011111111110010011011001001011111111011110111111110110111101101111001011101111001110100011101001101011101011001010101110000110001100001110101010011010111010110010111000101110011110111010011110110111101101111111101111011111111010010011011
1001001111111111001001101100100101111111101111011111111011011110110111100101110111100111010001110100110101110101100101010111000011000110000111010101001101011101011001011100010111001111011101001111011011110110111111110111101111111101001001101
1100100111111111100100110110010010111111110111101111111101101111011011110010111011110011101000111010011010111010110010101011100001100011000011101010100110101110101100101110001011100111101110100111101101111011011111111011110111111110100100110
0110010011111111110010011011001001011111111011110111111110110111101101111001011101111001110100011101001101011101011001010101110000110001100001110101010011010111010110010111000101110011110111010011110110111101101111111101111011111111010010011
1011001001111111111001001101100100101111111101111011111111011011110110111100101110111100111010001110100110101110101100101010111000011000110000111010101001101011101011001011100010111001111011101001111011011110110111111110111101111111101001001
1101100100111111111100100110110010010111111110111101111111101101111011011110010111011110011101000111010011010111010110010101011100001100011000011101010100110101110101100101110001011100111101110100111101101111011011111111011110111111110100100
0110110010011111111110010011011001001011111111011110111111110110111101101111001011101111001110100011101001101011101011001010101110000110001100001110101010011010111010110010111000101110011110111010011110110111101101111111101111011111111010010
0011011001001111111111001001101100100101111111101111011111111011011110110111100101110111100111010001110100110101110101100101010111000011000110000111010101001101011101011001011100010111001111011101001111011011110110111111110111101111111101001
1001101100100111111111100100110110010010111111110111101111111101101111011011110010111011110011101000111010011010111010110010101011100001100011000011101010100110101110101100101110001011100111101110100111101101111011011111111011110111111110100
0100110110010011111111110010011011001001011111111011110111111110110111101101111001011101111001110100011101001101011101011001010101110000110001100001110101010011010111010110010111000101110011110111010011110110111101101111111101111011111111010
0010011011001001111111111001001101100100101111111101111011111111011011110110111100101110111100111010001110100110101110101100101010111000011000110000111010101001101011101011001011100010111001111011101001111011011110110111111110111101111111101
1001001101100100111111111100100110110010010111111110111101111111101101111011011110010111011110011101000111010011010111010110010101011100001100011000011101010100110101110101100101110001011100111101110100111101101111011011111111011110111111110
0100100110110010011111111110010011011001001011111111011110111111110110111101101111001011101111001110100011101001101011101011001010101110000110001100001110101010011010111010110010111000101110011110111010011110110111101101111111101111011111111
1010010011011001001111111111001001101100100101111111101111011111111011011110110111100101110111100111010001110100110101110101100101010111000011000110000111010101001101011101011001011100010111001111011101001111011011110110111111110111101111111
1101001001101100100111111111100100110110010010111111110111101111111101101111011011110010111011110011101000111010011010111010110010101011100001100011000011101010100110101110101100101110001011100111101110100111101101111011011111111011110111111
1110100100110110010011111111110010011011001001011111111011110111111110110111101101111001011101111001110100011101001101011101011001010101110000110001100001110101010011010111010110010111000101110011110111010011110110111101101111111101111011111
1111010010011011001001111111111001001101100100101111111101111011111111011011110110111100101110111100111010001110100110101110101100101010111000011000110000111010101001101011101011001011100010111001111011101001111011011110110111111110111101111
1111101001001101100100111111111100100110110010010111111110111101111111101101111011011110010111011110011101000111010011010111010110010101011100001100011000011101010100110101110101100101110001011100111101110100111101101111011011111111011110111
1111110100100110110010011111111110010011011001001011111111011110111111110110111101101111001011101111001110100011101001101011101011001010101110000110001100001110101010011010111010110010111000101110011110111010011110110111101101111111101111011
1111111010010011011001001111111111001001101100100101111111101111011111111011011110110111100101110111100111010001110100110101110101100101010111000011000110000111010101001101011101011001011100010111001111011101001111011011110110111111110111101
1111111101001001101100100111111111100100110110010010111111110111101111111101101111011011110010111011110011101000111010011010111010110010101011100001100011000011101010100110101110101100101110001011100111101110100111101101111011011111111011110
0111111110100100110110010011111111110010011011001001011111111011110111111110110111101101111001011101111001110100011101001101011101011001010101110000110001100001110101010011010111010110010111000101110011110111010011110110111101101111111101111
1011111111010010011011001001111111111001001101100100101111111101111011111111011011110110111100101110111100111010001110100110101110101100101010111000011000110000111010101001101011101011001011100010111001111011101001111011011110110111111110111
1101111111101001001101100100111111111100100110110010010111111110111101111111101101111011011110010111011110011101000111010011010111010110010101011100001100011000011101010100110101110101100101110001011100111101110100111101101111011011111111011
1110111111110100100110110010011111111110010011011001001011111111011110111111110110111101101111001011101111001110100011101001101011101011001010101110000110001100001110101010011010111010110010111000101110011110111010011110110111101101111111101
1111011111111010010011011001001111111111001001101100100101111111101111011111111011011110110111100101110111100111010001110100110101110101100101010111000011000110000111010101001101011101011001011100010111001111011101001111011011110110111111110
0111101111111101001001101100100111111111100100110110010010111111110111101111111101101111011011110010111011110011101000111010011010111010110010101011100001100011000011101010100110101110101100101110001011100111101110100111101101111011011111111
1011110111111110100100110110010011111111110010011011001001011111111011110111111110110111101101111001011101111001110100011101001101011101011001010101110000110001100001110101010011010111010110010111000101110011110111010011110110111101101111111
1101111011111111010010011011001001111111111001001101100100101111111101111011111111011011110110111100101110111100111010001110100110101110101100101010111000011000110000111010101001101011101011001011100010111001111011101001111011011110110111111
1110111101111111101001001101100100111111111100100110110010010111111110111101111111101101111011011110010111011110011101000111010011010111010110010101011100001100011000011101010100110101110101100101110001011100111101110100111101101111011011111
1111011110111111110100100110110010011111111110010011011001001011111111011110111111110110111101101111001011101111001110100011101001101011101011001010101110000110001100001110101010011010111010110010111000101110011110111010011110110111101101111
1111101111011111111010010011011001001111111111001001101100100101111111101111011111111011011110110111100101110111100111010001110100110101110101100101010111000011000110000111010101001101011101011001011100010111001111011101001111011011110110111
1111110111101111111101001001101100100111111111100100110110010010111111110111101111111101101111011011110010111011110011101000111010011010111010110010101011100001100011000011101010100110101110101100101110001011100111101110100111101101111011011
1111111011110111111110100100110110010011111111110010011011001001011111111011110111111110110111101101111001011101111001110100011101001101011101011001010101110000110001100001110101010011010111010110010111000101110011110111010011110110111101101
1111111101111011111111010010011011001001111111111001001101100100101111111101111011111111011011110110111100101110111100111010001110100110101110101100101010111000011000110000111010101001101011101011001011100010111001111011101001111011011110110
0111111110111101111111101001001101100100111111111100100110110010010111111110111101111111101101111011011110010111011110011101000111010011010111010110010101011100001100011000011101010100110101110101100101110001011100111101110100111101101111011
1011111111011110111111110100100110110010011111111110010011011001001011111111011110111111110110111101101111001011101111001110100011101001101011101011001010101110000110001100001110101010011010111010110010111000101110011110111010011110110111101
1101111111101111011111111010010011011001001111111111001001101100100101111111101111011111111011011110110111100101110111100111010001110100110101110101100101010111000011000110000111010101001101011101011001011100010111001111011101001111011011110
0110111111110111101111111101001001101100100111111111100100110110010010111111110111101111111101101111011011110010111011110011101000111010011010111010110010101011100001100011000011101010100110101110101100101110001011100111101110100111101101111
1011011111111011110111111110100100110110010011111111110010011011001001011111111011110111111110110111101101111001011101111001110100011101001101011101011001010101110000110001100001110101010011010111010110010111000101110011110111010011110110111
1101101111111101111011111111010010011011001001111111111001001101100100101111111101111011111111011011110110111100101110111100111010001110100110101110101100101010111000011000110000111010101001101011101011001011100010111001111011101001111011011
1110110111111110111101111111101001001101100100111111111100100110110010010111111110111101111111101101111011011110010111011110011101000111010011010111010110010101011100001100011000011101010100110101110101100101110001011100111101110100111101101
1111011011111111011110111111110100100110110010011111111110010011011001001011111111011110111111110110111101101111001011101111001110100011101001101011101011001010101110000110001100001110101010011010111010110010111000101110011110111010011110110
0111101101111111101111011111111010010011011001001111111111001001101100100101111111101111011111111011011110110111100101110111100111010001110100110101110101100101010111000011000110000111010101001101011101011001011100010111001111011101001111011
1011110110111111110111101111111101001001101100100111111111100100110110010010111111110111101111111101101111011011110010111011110011101000111010011010111010110010101011100001100011000011101010100110101110101100101110001011100111101110100111101
1101111011011111111011110111111110100100110110010011111111110010011011001001011111111011110111111110110111101101111001011101111001110100011101001101011101011001010101110000110001100001110101010011010111010110010111000101110011110111010011110
0110111101101111111101111011111111010010011011001001111111111001001101100100101111111101111011111111011011110110111100101110111100111010001110100110101110101100101010111000011000110000111010101001101011101011001011100010111001111011101001111
1011011110110111111110111101111111101001001101100100111111111100100110110010010111111110111101111111101101111011011110010111011110011101000111010011010111010110010101011100001100011000011101010100110101110101100101110001011100111101110100111
1101101111011011111111011110111111110100100110110010011111111110010011011001001011111111011110111111110110111101101111001011101111001110100011101001101011101011001010101110000110001100001110101010011010111010110010111000101110011110111010011
1110110111101101111111101111011111111010010011011001001111111111001001101100100101111111101111011111111011011110110111100101110111100111010001110100110101110101100101010111000011000110000111010101001101011101011001011100010111001111011101001
1111011011110110111111110111101111111101001001101100100111111111100100110110010010111111110111101111111101101111011011110010111011110011101000111010011010111010110010101011100001100011000011101010100110101110101100101110001011100111101110100
0111101101111011011111111011110111111110100100110110010011111111110010011011001001011111111011110111111110110111101101111001011101111001110100011101001101011101011001010101110000110001100001110101010011010111010110010111000101110011110111010
0011110110111101101111111101111011111111010010011011001001111111111001001101100100101111111101111011111111011011110110111100101110111100111010001110100110101110101100101010111000011000110000111010101001101011101011001011100010111001111011101
1001111011011110110111111110111101111111101001001101100100111111111100100110110010010111111110111101111111101101111011011110010111011110011101000111010011010111010110010101011100001100011000011101010100110101110101100101110001011100111101110
0100111101101111011011111111011110111111110100100110110010011111111110010011011001001011111111011110111111110110111101101111001011101111001110100011101001101011101011001010101110000110001100001110101010011010111010110010111000101110011110111
1010011110110111101101111111101111011111111010010011011001001111111111001001101100100101111111101111011111111011011110110111100101110111100111010001110100110101110101100101010111000011000110000111010101001101011101011001011100010111001111011
1101001111011011110110111111110111101111111101001001101100100111111111100100110110010010111111110111101111111101101111011011110010111011110011101000111010011010111010110010101011100001100011000011101010100110101110101100101110001011100111101
1110100111101101111011011111111011110111111110100100110110010011111111110010011011001001011111111011110111111110110111101101111001011101111001110100011101001101011101011001010101110000110001100001110101010011010111010110010111000101110011110
0111010011110110111101101111111101111011111111010010011011001001111111111001001101100100101111111101111011111111011011110110111100101110111100111010001110100110101110101100101010111000011000110000111010101001101011101011001011100010111001111
1011101001111011011110110111111110111101111111101001001101100100111111111100100110110010010111111110111101111111101101111011011110010111011110011101000111010011010111010110010101011100001100011000011101010100110101110101100101110001011100111
1101110100111101101111011011111111011110111111110100100110110010011111111110010011011001001011111111011110111111110110111101101111001011101111001110100011101001101011101011001010101110000110001100001110101010011010111010110010111000101110011
1110111010011110110111101101111111101111011111111010010011011001001111111111001001101100100101111111101111011111111011011110110111100101110111100111010001110100110101110101100101010111000011000110000111010101001101011101011001011100010111001
1111011101001111011011110110111111110111101111111101001001101100100111111111100100110110010010111111110111101111111101101111011011110010111011110011101000111010011010111010110010101011100001100011000011101010100110101110101100101110001011100
0111101110100111101101111011011111111011110111111110100100110110010011111111110010011011001001011111111011110111111110110111101101111001011101111001110100011101001101011101011001010101110000110001100001110101010011010111010110010111000101110
0011110111010011110110111101101111111101111011111111010010011011001001111111111001001101100100101111111101111011111111011011110110111100101110111100111010001110100110101110101100101010111000011000110000111010101001101011101011001011100010111
1001111011101001111011011110110111111110111101111111101001001101100100111111111100100110110010010111111110111101111111101101111011011110010111011110011101000111010011010111010110010101011100001100011000011101010100110101110101100101110001011
1100111101110100111101101111011011111111011110111111110100100110110010011111111110010011011001001011111111011110111111110110111101101111001011101111001110100011101001101011101011001010101110000110001100001110101010011010111010110010111000101
1110011110111010011110110111101101111111101111011111111010010011011001001111111111001001101100100101111111101111011111111011011110110111100101110111100111010001110100110101110101100101010111000011000110000111010101001101011101011001011100010
0111001111011101001111011011110110111111110111101111111101001001101100100111111111100100110110010010111111110111101111111101101111011011110010111011110011101000111010011010111010110010101011100001100011000011101010100110101110101100101110001
1011100111101110100111101101111011011111111011110111111110100100110110010011111111110010011011001001011111111011110111111110110111101101111001011101111001110100011101001101011101011001010101110000110001100001110101010011010111010110010111000
0101110011110111010011110110111101101111111101111011111111010010011011001001111111111001001101100100101111111101111011111111011011110110111100101110111100111010001110100110101110101100101010111000011000110000111010101001101011101011001011100
0010111001111011101001111011011110110111111110111101111111101001001101100100111111111100100110110010010111111110111101111111101101111011011110010111011110011101000111010011010111010110010101011100001100011000011101010100110101110101100101110
0001011100111101110100111101101111011011111111011110111111110100100110110010011111111110010011011001001011111111011110111111110110111101101111001011101111001110100011101001101011101011001010101110000110001100001110101010011010111010110010111
1000101110011110111010011110110111101101111111101111011111111010010011011001001111111111001001101100100101111111101111011111111011011110110111100101110111100111010001110100110101110101100101010111000011000110000111010101001101011101011001011
1100010111001111011101001111011011110110111111110111101111111101001001101100100111111111100100110110010010111111110111101111111101101111011011110010111011110011101000111010011010111010110010101011100001100011000011101010100110101110101100101
1110001011100111101110100111101101111011011111111011110111111110100100110110010011111111110010011011001001011111111011110111111110110111101101111001011101111001110100011101001101011101011001010101110000110001100001110101010011010111010110010
0111000101110011110111010011110110111101101111111101111011111111010010011011001001111111111001001101100100101111111101111011111111011011110110111100101110111100111010001110100110101110101100101010111000011000110000111010101001101011101011001
1011100010111001111011101001111011011110110111111110111101111111101001001101100100111111111100100110110010010111111110111101111111101101111011011110010111011110011101000111010011010111010110010101011100001100011000011101010100110101110101100
0101110001011100111101110100111101101111011011111111011110111111110100100110110010011111111110010011011001001011111111011110111111110110111101101111001011101111001110100011101001101011101011001010101110000110001100001110101010011010111010110
0010111000101110011110111010011110110111101101111111101111011111111010010011011001001111111111001001101100100101111111101111011111111011011110110111100101110111100111010001110100110101110101100101010111000011000110000111010101001101011101011
1001011100010111001111011101001111011011110110111111110111101111111101001001101100100111111111100100110110010010111111110111101111111101101111011011110010111011110011101000111010011010111010110010101011100001100011000011101010100110101110101
1100101110001011100111101110100111101101111011011111111011110111111110100100110110010011111111110010011011001001011111111011110111111110110111101101111001011101111001110100011101001101011101011001010101110000110001100001110101010011010111010
0110010111000101110011110111010011110110111101101111111101111011111111010010011011001001111111111001001101100100101111111101111011111111011011110110111100101110111100111010001110100110101110101100101010111000011000110000111010101001101011101
1011001011100010111001111011101001111011011110110111111110111101111111101001001101100100111111111100100110110010010111111110111101111111101101111011011110010111011110011101000111010011010111010110010101011100001100011000011101010100110101110
0101100101110001011100111101110100111101101111011011111111011110111111110100100110110010011111111110010011011001001011111111011110111111110110111101101111001011101111001110100011101001101011101011001010101110000110001100001110101010011010111
1010110010111000101110011110111010011110110111101101111111101111011111111010010011011001001111111111001001101100100101111111101111011111111011011110110111100101110111100111010001110100110101110101100101010111000011000110000111010101001101011
1101011001011100010111001111011101001111011011110110111111110111101111111101001001101100100111111111100100110110010010111111110111101111111101101111011011110010111011110011101000111010011010111010110010101011100001100011000011101010100110101
1110101100101110001011100111101110100111101101111011011111111011110111111110100100110110010011111111110010011011001001011111111011110111111110110111101101111001011101111001110100011101001101011101011001010101110000110001100001110101010011010
0111010110010111000101110011110111010011110110111101101111111101111011111111010010011011001001111111111001001101100100101111111101111011111111011011110110111100101110111100111010001110100110101110101100101010111000011000110000111010101001101
1011101011001011100010111001111011101001111011011110110111111110111101111111101001001101100100111111111100100110110010010111111110111101111111101101111011011110010111011110011101000111010011010111010110010101011100001100011000011101010100110
0101110101100101110001011100111101110100111101101111011011111111011110111111110100100110110010011111111110010011011001001011111111011110111111110110111101101111001011101111001110100011101001101011101011001010101110000110001100001110101010011
1010111010110010111000101110011110111010011110110111101101111111101111011111111010010011011001001111111111001001101100100101111111101111011111111011011110110111100101110111100111010001110100110101110101100101010111000011000110000111010101001
1101011101011001011100010111001111011101001111011011110110111111110111101111111101001001101100100111111111100100110110010010111111110111101111111101101111011011110010111011110011101000111010011010111010110010101011100001100011000011101010100
0110101110101100101110001011100111101110100111101101111011011111111011110111111110100100110110010011111111110010011011001001011111111011110111111110110111101101111001011101111001110100011101001101011101011001010101110000110001100001110101010
0011010111010110010111000101110011110111010011110110111101101111111101111011111111010010011011001001111111111001001101100100101111111101111011111111011011110110111100101110111100111010001110100110101110101100101010111000011000110000111010101
1001101011101011001011100010111001111011101001111011011110110111111110111101111111101001001101100100111111111100100110110010010111111110111101111111101101111011011110010111011110011101000111010011010111010110010101011100001100011000011101010
0100110101110101100101110001011100111101110100111101101111011011111111011110111111110100100110110010011111111110010011011001001011111111011110111111110110111101101111001011101111001110100011101001101011101011001010101110000110001100001110101
1010011010111010110010111000101110011110111010011110110111101101111111101111011111111010010011011001001111111111001001101100100101111111101111011111111011011110110111100101110111100111010001110100110101110101100101010111000011000110000111010
0101001101011101011001011100010111001111011101001111011011110110111111110111101111111101001001101100100111111111100100110110010010111111110111101111111101101111011011110010111011110011101000111010011010111010110010101011100001100011000011101
1010100110101110101100101110001011100111101110100111101101111011011111111011110111111110100100110110010011111111110010011011001001011111111011110111111110110111101101111001011101111001110100011101001101011101011001010101110000110001100001110
0101010011010111010110010111000101110011110111010011110110111101101111111101111011111111010010011011001001111111111001001101100100101111111101111011111111011011110110111100101110111100111010001110100110101110101100101010111000011000110000111
1010101001101011101011001011100010111001111011101001111011011110110111111110111101111111101001001101100100111111111100100110110010010111111110111101111111101101111011011110010111011110011101000111010011010111010110010101011100001100011000011
1101010100110101110101100101110001011100111101110100111101101111011011111111011110111111110100100110110010011111111110010011011001001011111111011110111111110110111101101111001011101111001110100011101001101011101011001010101110000110001100001
1110101010011010111010110010111000101110011110111010011110110111101101111111101111011111111010010011011001001111111111001001101100100101111111101111011111111011011110110111100101110111100111010001110100110101110101100101010111000011000110000
0111010101001101011101011001011100010111001111011101001111011011110110111111110111101111111101001001101100100111111111100100110110010010111111110111101111111101101111011011110010111011110011101000111010011010111010110010101011100001100011000
0011101010100110101110101100101110001011100111101110100111101101111011011111111011110111111110100100110110010011111111110010011011001001011111111011110111111110110111101101111001011101111001110100011101001101011101011001010101110000110001100
0001110101010011010111010110010111000101110011110111010011110110111101101111111101111011111111010010011011001001111111111001001101100100101111111101111011111111011011110110111100101110111100111010001110100110101110101100101010111000011000110
0000111010101001101011101011001011100010111001111011101001111011011110110111111110111101111111101001001101100100111111111100100110110010010111111110111101111111101101111011011110010111011110011101000111010011010111010110010101011100001100011
1000011101010100110101110101100101110001011100111101110100111101101111011011111111011110111111110100100110110010011111111110010011011001001011111111011110111111110110111101101111001011101111001110100011101001101011101011001010101110000110001
1100001110101010011010111010110010111000101110011110111010011110110111101101111111101111011111111010010011011001001111111111001001101100100101111111101111011111111011011110110111100101110111100111010001110100110101110101100101010111000011000
0110000111010101001101011101011001011100010111001111011101001111011011110110111111110111101111111101001001101100100111111111100100110110010010111111110111101111111101101111011011110010111011110011101000111010011010111010110010101011100001100
