0011111000100010110101011010110110011111101001000110111011011001001011111111111111010010110110111011000110101111110001011110110101011010011000111110
0001111100010001011010101101111011001111111101100011011101101100100101111111111111101001011011011101100011010111111000101101011010101101000100011111
1000111100001100101101110110111101100111111010110001101110110110010010111111111111110100001101101110110001001011111100110110101101010110100010000111
1100011110000100010110101011010110110011111101001000110111011011001001011111111111111010100110110111011000110111111110001011110110101011010011000111
1110001111100010001011010101101011011001111110101100011011101101100100101111111111111101010011011011101100011011111111001101101011010101101000100011
1111000111110001100101101010110111101000111111010110001101110110110010010111111111111110001001101101110110001001011111100110110101101010110100010000
1111100011110000100010110101011010110100011111101001000110111011011001001011111111111111100100110110111011000110101111110011011110110101011010011000
0111110001111100010001011010101101011011001111110101100011011101101100100101111111111111010010011011011101100011011111111000101101011010101101000100
0001111000111110001100101101010110111101000111111110110001101110110110010010111111111111101001001101101110110001101011111100110111101101010110100010
0000111100011110000100010110101011010110110011111101011000110111011011001001011111111111110100100110110111011000110101111110011011110110111011010001
1000111110001111100010001011010101101011010001111110101100011011101101100100101111111111111010010011011011101100011011111111001101111011010101101000
0100011111000111110001100101101010110101101000111111010110001101110110110010010111111111111101001001101101110110001101011111100110110101101010110100
0010000111100011110000110010110101011011110110011111101011000110111011011001001011111111111110101100110110111011000110101111110011011010110101011010
0011000111110001111000010001011010101101011011001111110100100011011101101100100101111111111111010010011011011101100011010111111001101111011010101101
1000100011111000111110001100101101010110101101000111111110110001101110110110010010111111111111101001001101101110110001001011111100110110101101010110
0100010000111100011111000110010110111011011110110011111111011000110111011011001001011111111111110100100110110111011000110101111110001011010111101011
1010011000111110001111000010001011010101101011011001111110100100011011101101100100101111111111111010010011011011101100011011111111000101111011010101
1101000100011111000111110001000101101010110101101100111111010110001101110110110010010111111111111101001001101101110110001101111111100110110101101010
0110100010000111100011111000110010110101011011110110011111101011000110111011011001001011111111111110100100110110111011000110101111110001011010110101
1011010011000011110001111000010001011010101101011010001111110101100011011101101100100101111111111111010010011011011101100011010111111001101111011010
0101101000100011111000111110001000101101010110111101000111111110110001101110110110010010111111111111101001001101101110110001101011111100110110101101
1010110100010001111100011110000110010110101011010110110011111111011000110111011011001001111111111111110100100110110101011000110101111110001011010110
0111011010011000011110001111000010001011010101101011010001111110101100011011101101100100011111111111111010010011011011101100011011111111001101111011
1010101101001100011111000111110001000101101010110101101100111111010110001101010110110010101111111111111101001001101101110110001101111111100110110101
1101010110100010001111100011111000110010110101011010110110011111111011000110111011011001010111111111111110100100110110111011000100101111110011011010
0110101011010011000011110001111000010001011010101101011011001111110101100011011101101100001011111111111111010010011011011101100011010111111000101101
1011010101101001100011111000111100001000101101010110101101100111111010010001101110110110100101111111111111101001001101101110110001101011111100010111
0101101010110100010000111100011111000110010110101011011110100011111111011000110111011011010010111111111111110100100110110111011000110101111110011011
1110110101011010001000011110001111000011001011010101101111011001111110101100011011101101001001011111111111111010010011011011101100011010111111001101
1111011010101101001100011111000111100001000101101010110101101100111111010110001101110110100100101111111111111101001001101101110110001101111111100110
0110101101010110100010001111100011111000100010110101011010110110011111101011000110111011110010010111111111111110100100110110111011000110111111110011
1011010110101011010001000011110001111000010001011010101101111011001111110101100011011101011001001011111111111111010010011011011101100011010111111001
1101111011010101101001100001111000111100001000101101010110101101000111111010110001101110101100100101111111111111101001001101101110110001101011111100
0110110101101010110100010001111100011111000100010110101011010110110011111101011000110111110110010010111111111111110100100110110111011000110101011110
0011011010110101011010001000011110001111100011001011010101101111010001111111101100011011011011001001011111111111111010010011011011101100010010111111
1001101111011011101101001100001111000111100001000101101010110101101000111111010110001101101101100100101111111111111101001001101101110110001101011111
1100110110101101010110100010001111100011111000100010110101011010110100011111101011000110110110110010010111111111111110100100110110111011000110111111
1110001011010110101011010001000011110001111100011001011010101101111011001111111101100011111011011001001011111111111111010010011011010101100011010111
1111000101101011010101101001100001111000111100001000101101010110101111100111111010110001011101101100100101111111111111101001001101101110110001101011
1111100110111101101010110100110001111100011110000100010110101011010110100011111101011000101110110110010010111111111111110100100110110111011000110111
1111110001011010110101011010001000111110001111100010001011010101101111011001111111101100110111011011001001011111111111111010010011011011101100011010
0111111001101101011010101101000100001111000111110001100101101010110111101000111111110110011011101101100100101111111111111101001001101101110110001101
1111111100010111101101010110100010001111100011110000100010110101011010110110011111101011001101110110110010010111111111111110100100110110111011000110
0101111110001011010110101011010001000111110001111100010001011010101101011011001111111101000110111011011001001011111111111111010010011011011101100011
0010111111001101101011010101101000100001111000111100001100101101010110111101100111111010100011011101101100100101111111111111101001001101101110110001
1101011111100110111101101010110100110000111100011110000100010110101011010110110011111101110001101110110110010010111111111111110100100110110111011000
0110101111110001011010110101011010001000111110001111100010001011010101101011011001111111011000110111011011001001011111111111111010010011011011101100
0010010111111001101111011010101101000100011111000111100001100101101010110111101100111111101100011011101101100100101111111111111101001001101101110110
0001101011111100110110101101010110100110000111100011110000100010110101011011110110011111010110001101110110111010010111111111111110100100110110111011
1000110111111110011011010110101011010001000111110001111100010001011010101101011010001111101011000110101011011001001011111111111111010010011011011101
1100010010111111001101101011010101101000100001111000111110001100101101010110111101000111110101100011011101101100100101111111111111101001001101101110
0110001101011111100010110101101010110100010000111100011110000100010110101011010110110011111010110001101110110110010010111111111111110101100110110111
1011000110101111110001011010110101011010011000111110001111000010001011010101101011011001111101001000110111011011001001011111111111111010010011011011
1101100011010111111001101101011010101101000100001111000111110001100101101010110111101100111111101100011011101101100100101111111111111101001001101101
1110110001101011111100010111101101010110100010000111100011111000100010110101011011110110111111110110001101110110110010010111111111111110100100110110
0111011000110111111110011011110110101011010011000111110001111000010001011010101101011011011111101001000110111011011001000011111111111111010010011011
1011101100011011111111001101101011010101101000100011111000111110001000101101010110101101001111110101100011011101101100100101111111111111101001001101
1101110110001001011111100110110101101010110100010000111100011111000110010110101011010110000111111010110001101110110110010010111111111111110101100110
0110111011000110101111110011011110110101011010011000011110001111000010001011010101101011110011111101011000110111011011001001011111111111111010010011
1011011101100011010111111000101101011010101101000100011111000111110001000101101010110101011001111111101100011011101101100100101111111111111101001001
1101101110110001001011111100110110101101010110100010001111100011111000110010110101011011101000111111110110001101110110110010010111111111111110100100
0110110111011000110111111110011011110110101011010011000011110001111000010001011010101101110100011111101011000110111011011001101011111111111111010010
0011011011101100011011111111001101101011010101101000100011111000111110001000101101010110011011001111110101100011011101101100100101111111111111101001
1001101101110110001101011111100110110101101010110100010001111100011111000110010110101011111101000111111010110001101110110110010010111111111111110100
0100110110111011000110101111110001011110110101011010011000011110001111000010001011010101010110110011111101001000110111011011001101011111111111111010
0010011011011101100011011111111001101101011010101101000100011111000111110001000101101010101011010001111110101100011011101101100100101111111111111101
1001001101101110110001101011111100010110101101010110100010001111100011111000100010110101110111101100111111110110001101110110110010010111111111111110
0100100110110111011000110101111110001011110110101011010001000011110001111000011001011010011011110110011111101011000110111011011001001011111111111111
1010010011011011101100011011111111000111111011010101101001100011111000111100001000101101101101011011001111110101100011011101101100100101111111111111
1101001001101101110110001101011111100110110101101010110100010001111100011111000100010110010110101101000111111010110001101110110110010010111111111111
1110100100110110111011000100101111110011011010110101011010001000011110001111100011001011101011011110110011111101011000110111011011001001011111111111
1111010010011011011101100011010111111000101111011010101101001100011111000111100001000101010101101011011001111110101100011011101101100100101111111111
1111101001001101101110110001101011111100110110101101010110100010001111100011111000100010101010110101101100111111110110001101110110110010010111111111
1111110100100110110111011000110101111110001011010110101011010001000011110001111100011001110111011011110110011111111011000110111011011001001011111111
1111111010010011011011101100011010111111001101111011010101101001100001111000111100001000011010101101111010001111110101100011011101101100100101111111
1111111101001001101101110110001101111111100110111101101010110100010001111100011111000100101101010110101101000111111010110001101110110110010010111111
1111111110100100110110101011000110101111110011011010110101011010001000111110001111100010010110101011010110110011111111011000110111011011001001011111
1111111111010010011011011101100011010111111001101111011010101101000100001111000111100001001011010101101011011001111110101100011011101101100100101111
1111111111101001001101101110110001101111111100110110101101010110100110001111100011111000000101101010110101101000111111010110001101110110110010010111
1111111111110100100110110111011000110101111110011011010110101011010001000111110001111100110010110101011011110100011111111011000110111011011001001011
1111111111111010010011011011101100011010111111001101111011010101101000100001111000111100010001011010101101111011001111111101100011011101101100100101
1111111111111101001001101101110110001101111111100010111101101010110100110001111100011110001100101101010110101101100111111010110001101110110110010010
0111111111111110100100110110111011000110111111110001011010110101011010001000111110001111000110010110101011011110110011111101011000110111011011001001
1011111111111111010010011011011101100011010111111001101101011010101101000100001111000111000011001011010101101111011001111110101100011011101101100100
0101111111111111101001001101101110110001101111111100110110101101010110100110001111100011110001000101101010110101101100111111010010001101110110110010
0010111111111111110100100110110111011000110101111110011011010110101011010001000111110001111000100010110101011010110110011111111011000110111011011001
1001011111111111111010010011011011101100011010111111001101101011010101101000100001111000111100011001011010101101111011001111111101100011011101101100
0100101111111111111101001001101101110110001101111111100110111101101010110100010000111100111110001000101101010110111101000111111010110001101110110110
1001001011111111111111010010011011011101100011010111111000101101011010101101000100001111001111100011001011010101101111011001111110101100011011101101
1100100101111111111111101001001101101110110001101011111100110111101101010110100110001111000111100001000101101010110101101100111111010110001101110110
0110010010111111111111110100100110110111011000110101111110011011010110101011010001000111100011111000100010110101011010110100011111111011000111111011
1011001001011111111111111010010011011011101100011010111111000101101011010101101001100011110001111100011001011010101101111011001111111101100011011101
1101100100101111111111111101001001101101110110001101011111100010111101101110110100110001111000111100001000101101010110111101100111111010110001101110
0110110010010111111111111110100100110110111011000110111111110011011110110101011010011000111100011110000100010110101011011110110011111101011000110111
1011011001001011111111111111010010011011011101100011011111111000101101011010101101000100111110001111100011001011010101101011011001111110101100011011
1101101100100101111111111111101001001101101110110001001011111100110110101101010110100010001111000111110001100101101010110111101100111111010110001101
1110110110011010111111111111110100100110110111011000110101111110001011110110101011010011001111100011111000100010110101011010110110011111101001000110
0111011011001001011111111111111010010011011011101100011010111111001101101011010101101000000111110001111100010001011010101101011011001111111101100011
1011101101100100101111111111111101001001101101110110001001011111100110110101101010110100100001111000111110001100101101110110111101000111111110110001
1101110110110010010111111111111110100100110110111011000110111111110011011110110101011010110000111100011110000100010110101011010110110011111101011000
0110111011011001001011111111111111010010011011011101100011011111111000101111011010101101001000111110001111100010001011010101101011011001111110101100
0011011101101100100101111111111111101001001101101010110001101011111100110110101101010110000100011111000111110001000101101010110101101100111111110110
0001101110110110010010111111111111110100100110110111011000110101111110011011010110101011100110001111100011110000100010110101011010110110011111101011
1000110111011011001001011111111111111010010011011011101100011010111111001101101011010101010001000111110001111100010001011010101101011010001111111101
1100011011101101100100101111111111111101001001101101110110001101011111100110110101101010101000100011111000111110001100101101010110111101000111111110
0110001101110110110010010111111111111110100100110110111011000110101111110001011110110101110100110000111100011110000100010110101011011110110011111101
1001000110111011011001001011111111111111010010011011011101100011011111111000101111011010011010011000111110001111100010001011010101101011011001111110
0101100011011101101100100101111111111111101001001101101110110001001011111100110110101101101101000100011111000111110001100101101010110111101000111111
1010110001101110110110010010111111111111110100101110110111011000110101111110011011110110010110100010000111100011110000100011110101011010110110011111
1101001000110111011011001001011111111111111010010011011011101100011010111111000101111011101011010011000111110001111100010001011010101101011011001111
1111101100011011101101100100101111111111111101001001101101110110001101011111100010110101010101101000100011111000111110001000101101010110111101100111
1111110110001101110110110010010111111111111110100100110110111011000110101111110011011010101010110100010000111100011111000110010110101011011110110011
1111101011000110111011011001001011111111111111010010011011011101100011011111111001101111110101011010001000111110001111100010001011010101101111010001
1111110101100011011101101100100101111111111111101001001101101110110001101111111100110111011010101101000100011111000111110001000101101010110101101100
0111111110110001101110110110010010111111111111110100100110110111011000110101111110011011101101010110100010000111100011111000100010110101011010110100
0011111101011000110111011011001001011111111111111010010011011011101100011010111111001101110110101011010011000111110001111000010001011010101101011011
0001111110101100011010101101100100101111111111111101001001101101110110001101111111100110101011010101101000100011111000111110001000101101010110101101
1000111111110110001101110110110010010111111111111110100100110110111011000110101111110011110101101010110100010001111100011111000110010110101011011110
0110011111101001000110111011011001001011111111111111010010011011011101100011010111111000011110110111011010011000111110001111000010001011010101101111
1010001111110101100011011101101100100101111111111111101001001101101110110001101111111100101111011010101101000100011111000111110001100101101010110101
1101100111111010110001101110110110010010111111111111110000100110110111011000110111111110110111101101010110100010001111100011111000110010110101011010
1110110011111101011000110111011011001001011111111111111010010011011011101100011010111111011011010110101011010001000011110001111000010001011010101101
1011011001111110101100011011101101100100101111111111111101001001101101110110001101011111000101111011010101101001100011111000111110001000101101010110
0101101000111111110110001101110110110010010111111111111110100100110110111011000110101111100110110101101010111100010001111100011111000100010110101011
1011110110011111111011000110111011011001001011111111111111010110011011011101100011010111110011011010110101011010001000011110001111000010001011010101
1101011011001111110101100011011101101100100101111111111111101001001101101110110001101111111001101111011010101101000100011111000111100001000101101010
0110101101100111111010110001101110110110010010111111111111110100100110110111011000110111111100110110101101010110100010001111100011111000100010110101
1011011110110011111101011000110111011011001001011111111111111010110011011011101100010010111110011011010110101011010001000011110001111100011001011010
0101101011011001111110100100011011101101100100101111111111111101001001101101110110001101111111001101101011010101101001100011111000111100001000101101
1010110111101100111111110110001101110110110010010111111111111110100100110110111011000110011111100110110101101010110100010001111100011111000100010110
0101011011110110011111111011000110111011011001001011111111111111010010011011011101100011101111110001011010110101011010011000011110001111100010001011
1010101101111010001111110101100011011101101100100101111111111111101001001101101110110001011111111001101111011010101101001100001111000111100001000101
1101010110101101000111111010110001101010110110010010111111111111110100100110110111011000101111111100110111101101010110100010001111100011111000100010
0110101011010110110011111101011000110111011011001001011111111111111010010011011011101100110101111110011011010110101011010001000111110001111100010001
1011010101101111010001111110101100011011101101100100101111111111111101001001101101110110011010111111001101111011010101101000100001111000111110001000
0101101010110101101100111111010110001101110110110011010111111111111110100100110110111011001101011111100010110101101010110100010001111100011110000100
0010110101011010110110011111111011000110111011011001001011111111111111010010011011011101000110101111110001011010110101011010001000111110001111100010
1001011011101101111010001111111101100011011101101100100101111111111111101001001101101110100011010111111001101111011010101101000100001111000111100001
1000101101010110101101100111111010010001101110110110010010111111111111110100100110110111110001101111111100110111101101010110100110001111100011111000
0100010110101011010110110011111101011000110111011011001001011111111111111010010011011011011000110111111110001011110110101011010001000111110001111100
0011001011010101101111011001111110101100011011101101100100101111111111111101001001101101101100010010111111001101101011010101101000100011111000111110
0001000101101011110101101000111111010110001101110110110011010111111111111110100100110110111110001101011111100110110101101010110100010000111100011110
1000100010110101011010110100011110101011000110111011011001001011111111111111010010011011111011000110111111110011011010110101011010001000111110001111
1100011001011010101101111011001111111101100011011101101100100101111111111111101001001101011101100011010111111001101101011010101101000100001111000111
1100001000101101010110101101100111111010110001101110110110010010111111111111110100100110101110110001101111111100010111101101010110100010001111100011
1111000100010110101011010110110011111101011000110111011011001001011111111111111010010011110111011000110111111110011011110110101011010001000111110001
1111100010001011010101101011011001111111101100011011101101100100101111111111111101001001011011101100011010111111000101101011010101101000100011111000
0111100001000101101010110111101100111111010110001101110110110010010111111111111110100100101101110110001101011111100110110101101010110100010000111100
