01111111000000011101111111011110000111010111011111101000011100110101110111000101101011001101011010001110111010110011100001011111101110101110000111101111111011100000001111111
10111111100000001110111111101111000011101011101111110100001110011010111011100010110101100110101101000111011101011001110000101111110111010111000011110111111101110000000111111
11011111110000000111011111110111100001110101110111111010000111001101011101110001011010110011010110100011101110101100111000010111111011101011100001111011111110111000000011111
11101111111000000011101111111011110000111010111011111101000011100110101110111000101101011001101011010001110111010110011100001011111101110101110000111101111111011100000001111
11110111111100000001110111111101111000011101011101111110100001110011010111011100010110101100110101101000111011101011001110000101111110111010111000011110111111101110000000111
11111011111110000000111011111110111100001110101110111111010000111001101011101110001011010110011010110100011101110101100111000010111111011101011100001111011111110111000000011
11111101111111000000011101111111011110000111010111011111101000011100110101110111000101101011001101011010001110111010110011100001011111101110101110000111101111111011100000001
11111110111111100000001110111111101111000011101011101111110100001110011010111011100010110101100110101101000111011101011001110000101111110111010111000011110111111101110000000
01111111011111110000000111011111110111100001110101110111111010000111001101011101110001011010110011010110100011101110101100111000010111111011101011100001111011111110111000000
00111111101111111000000011101111111011110000111010111011111101000011100110101110111000101101011001101011010001110111010110011100001011111101110101110000111101111111011100000
00011111110111111100000001110111111101111000011101011101111110100001110011010111011100010110101100110101101000111011101011001110000101111110111010111000011110111111101110000
00001111111011111110000000111011111110111100001110101110111111010000111001101011101110001011010110011010110100011101110101100111000010111111011101011100001111011111110111000
00000111111101111111000000011101111111011110000111010111011111101000011100110101110111000101101011001101011010001110111010110011100001011111101110101110000111101111111011100
00000011111110111111100000001110111111101111000011101011101111110100001110011010111011100010110101100110101101000111011101011001110000101111110111010111000011110111111101110
00000001111111011111110000000111011111110111100001110101110111111010000111001101011101110001011010110011010110100011101110101100111000010111111011101011100001111011111110111
10000000111111101111111000000011101111111011110000111010111011111101000011100110101110111000101101011001101011010001110111010110011100001011111101110101110000111101111111011
11000000011111110111111100000001110111111101111000011101011101111110100001110011010111011100010110101100110101101000111011101011001110000101111110111010111000011110111111101
11100000001111111011111110000000111011111110111100001110101110111111010000111001101011101110001011010110011010110100011101110101100111000010111111011101011100001111011111110
01110000000111111101111111000000011101111111011110000111010111011111101000011100110101110111000101101011001101011010001110111010110011100001011111101110101110000111101111111
10111000000011111110111111100000001110111111101111000011101011101111110100001110011010111011100010110101100110101101000111011101011001110000101111110111010111000011110111111
11011100000001111111011111110000000111011111110111100001110101110111111010000111001101011101110001011010110011010110100011101110101100111000010111111011101011100001111011111
11101110000000111111101111111000000011101111111011110000111010111011111101000011100110101110111000101101011001101011010001110111010110011100001011111101110101110000111101111
11110111000000011111110111111100000001110111111101111000011101011101111110100001110011010111011100010110101100110101101000111011101011001110000101111110111010111000011110111
11111011100000001111111011111110000000111011111110111100001110101110111111010000111001101011101110001011010110011010110100011101110101100111000010111111011101011100001111011
11111101110000000111111101111111000000011101111111011110000111010111011111101000011100110101110111000101101011001101011010001110111010110011100001011111101110101110000111101
11111110111000000011111110111111100000001110111111101111000011101011101111110100001110011010111011100010110101100110101101000111011101011001110000101111110111010111000011110
01111111011100000001111111011111110000000111011111110111100001110101110111111010000111001101011101110001011010110011010110100011101110101100111000010111111011101011100001111
10111111101110000000111111101111111000000011101111111011110000111010111011111101000011100110101110111000101101011001101011010001110111010110011100001011111101110101110000111
11011111110111000000011111110111111100000001110111111101111000011101011101111110100001110011010111011100010110101100110101101000111011101011001110000101111110111010111000011
11101111111011100000001111111011111110000000111011111110111100001110101110111111010000111001101011101110001011010110011010110100011101110101100111000010111111011101011100001
11110111111101110000000111111101111111000000011101111111011110000111010111011111101000011100110101110111000101101011001101011010001110111010110011100001011111101110101110000
01111011111110111000000011111110111111100000001110111111101111000011101011101111110100001110011010111011100010110101100110101101000111011101011001110000101111110111010111000
00111101111111011100000001111111011111110000000111011111110111100001110101110111111010000111001101011101110001011010110011010110100011101110101100111000010111111011101011100
00011110111111101110000000111111101111111000000011101111111011110000111010111011111101000011100110101110111000101101011001101011010001110111010110011100001011111101110101110
00001111011111110111000000011111110111111100000001110111111101111000011101011101111110100001110011010111011100010110101100110101101000111011101011001110000101111110111010111
10000111101111111011100000001111111011111110000000111011111110111100001110101110111111010000111001101011101110001011010110011010110100011101110101100111000010111111011101011
11000011110111111101110000000111111101111111000000011101111111011110000111010111011111101000011100110101110111000101101011001101011010001110111010110011100001011111101110101
11100001111011111110111000000011111110111111100000001110111111101111000011101011101111110100001110011010111011100010110101100110101101000111011101011001110000101111110111010
01110000111101111111011100000001111111011111110000000111011111110111100001110101110111111010000111001101011101110001011010110011010110100011101110101100111000010111111011101
10111000011110111111101110000000111111101111111000000011101111111011110000111010111011111101000011100110101110111000101101011001101011010001110111010110011100001011111101110
01011100001111011111110111000000011111110111111100000001110111111101111000011101011101111110100001110011010111011100010110101100110101101000111011101011001110000101111110111
10101110000111101111111011100000001111111011111110000000111011111110111100001110101110111111010000111001101011101110001011010110011010110100011101110101100111000010111111011
11010111000011110111111101110000000111111101111111000000011101111111011110000111010111011111101000011100110101110111000101101011001101011010001110111010110011100001011111101
11101011100001111011111110111000000011111110111111100000001110111111101111000011101011101111110100001110011010111011100010110101100110101101000111011101011001110000101111110
01110101110000111101111111011100000001111111011111110000000111011111110111100001110101110111111010000111001101011101110001011010110011010110100011101110101100111000010111111
10111010111000011110111111101110000000111111101111111000000011101111111011110000111010111011111101000011100110101110111000101101011001101011010001110111010110011100001011111
11011101011100001111011111110111000000011111110111111100000001110111111101111000011101011101111110100001110011010111011100010110101100110101101000111011101011001110000101111
11101110101110000111101111111011100000001111111011111110000000111011111110111100001110101110111111010000111001101011101110001011010110011010110100011101110101100111000010111
11110111010111000011110111111101110000000111111101111111000000011101111111011110000111010111011111101000011100110101110111000101101011001101011010001110111010110011100001011
11111011101011100001111011111110111000000011111110111111100000001110111111101111000011101011101111110100001110011010111011100010110101100110101101000111011101011001110000101
11111101110101110000111101111111011100000001111111011111110000000111011111110111100001110101110111111010000111001101011101110001011010110011010110100011101110101100111000010
01111110111010111000011110111111101110000000111111101111111000000011101111111011110000111010111011111101000011100110101110111000101101011001101011010001110111010110011100001
10111111011101011100001111011111110111000000011111110111111100000001110111111101111000011101011101111110100001110011010111011100010110101100110101101000111011101011001110000
01011111101110101110000111101111111011100000001111111011111110000000111011111110111100001110101110111111010000111001101011101110001011010110011010110100011101110101100111000
00101111110111010111000011110111111101110000000111111101111111000000011101111111011110000111010111011111101000011100110101110111000101101011001101011010001110111010110011100
00010111111011101011100001111011111110111000000011111110111111100000001110111111101111000011101011101111110100001110011010111011100010110101100110101101000111011101011001110
00001011111101110101110000111101111111011100000001111111011111110000000111011111110111100001110101110111111010000111001101011101110001011010110011010110100011101110101100111
10000101111110111010111000011110111111101110000000111111101111111000000011101111111011110000111010111011111101000011100110101110111000101101011001101011010001110111010110011
11000010111111011101011100001111011111110111000000011111110111111100000001110111111101111000011101011101111110100001110011010111011100010110101100110101101000111011101011001
11100001011111101110101110000111101111111011100000001111111011111110000000111011111110111100001110101110111111010000111001101011101110001011010110011010110100011101110101100
01110000101111110111010111000011110111111101110000000111111101111111000000011101111111011110000111010111011111101000011100110101110111000101101011001101011010001110111010110
00111000010111111011101011100001111011111110111000000011111110111111100000001110111111101111000011101011101111110100001110011010111011100010110101100110101101000111011101011
10011100001011111101110101110000111101111111011100000001111111011111110000000111011111110111100001110101110111111010000111001101011101110001011010110011010110100011101110101
11001110000101111110111010111000011110111111101110000000111111101111111000000011101111111011110000111010111011111101000011100110101110111000101101011001101011010001110111010
01100111000010111111011101011100001111011111110111000000011111110111111100000001110111111101111000011101011101111110100001110011010111011100010110101100110101101000111011101
10110011100001011111101110101110000111101111111011100000001111111011111110000000111011111110111100001110101110111111010000111001101011101110001011010110011010110100011101110
01011001110000101111110111010111000011110111111101110000000111111101111111000000011101111111011110000111010111011111101000011100110101110111000101101011001101011010001110111
10101100111000010111111011101011100001111011111110111000000011111110111111100000001110111111101111000011101011101111110100001110011010111011100010110101100110101101000111011
11010110011100001011111101110101110000111101111111011100000001111111011111110000000111011111110111100001110101110111111010000111001101011101110001011010110011010110100011101
11101011001110000101111110111010111000011110111111101110000000111111101111111000000011101111111011110000111010111011111101000011100110101110111000101101011001101011010001110
01110101100111000010111111011101011100001111011111110111000000011111110111111100000001110111111101111000011101011101111110100001110011010111011100010110101100110101101000111
10111010110011100001011111101110101110000111101111111011100000001111111011111110000000111011111110111100001110101110111111010000111001101011101110001011010110011010110100011
11011101011001110000101111110111010111000011110111111101110000000111111101111111000000011101111111011110000111010111011111101000011100110101110111000101101011001101011010001
11101110101100111000010111111011101011100001111011111110111000000011111110111111100000001110111111101111000011101011101111110100001110011010111011100010110101100110101101000
01110111010110011100001011111101110101110000111101111111011100000001111111011111110000000111011111110111100001110101110111111010000111001101011101110001011010110011010110100
00111011101011001110000101111110111010111000011110111111101110000000111111101111111000000011101111111011110000111010111011111101000011100110101110111000101101011001101011010
00011101110101100111000010111111011101011100001111011111110111000000011111110111111100000001110111111101111000011101011101111110100001110011010111011100010110101100110101101
10001110111010110011100001011111101110101110000111101111111011100000001111111011111110000000111011111110111100001110101110111111010000111001101011101110001011010110011010110
01000111011101011001110000101111110111010111000011110111111101110000000111111101111111000000011101111111011110000111010111011111101000011100110101110111000101101011001101011
10100011101110101100111000010111111011101011100001111011111110111000000011111110111111100000001110111111101111000011101011101111110100001110011010111011100010110101100110101
11010001110111010110011100001011111101110101110000111101111111011100000001111111011111110000000111011111110111100001110101110111111010000111001101011101110001011010110011010
01101000111011101011001110000101111110111010111000011110111111101110000000111111101111111000000011101111111011110000111010111011111101000011100110101110111000101101011001101
10110100011101110101100111000010111111011101011100001111011111110111000000011111110111111100000001110111111101111000011101011101111110100001110011010111011100010110101100110
01011010001110111010110011100001011111101110101110000111101111111011100000001111111011111110000000111011111110111100001110101110111111010000111001101011101110001011010110011
10101101000111011101011001110000101111110111010111000011110111111101110000000111111101111111000000011101111111011110000111010111011111101000011100110101110111000101101011001
11010110100011101110101100111000010111111011101011100001111011111110111000000011111110111111100000001110111111101111000011101011101111110100001110011010111011100010110101100
01101011010001110111010110011100001011111101110101110000111101111111011100000001111111011111110000000111011111110111100001110101110111111010000111001101011101110001011010110
00110101101000111011101011001110000101111110111010111000011110111111101110000000111111101111111000000011101111111011110000111010111011111101000011100110101110111000101101011
10011010110100011101110101100111000010111111011101011100001111011111110111000000011111110111111100000001110111111101111000011101011101111110100001110011010111011100010110101
11001101011010001110111010110011100001011111101110101110000111101111111011100000001111111011111110000000111011111110111100001110101110111111010000111001101011101110001011010
01100110101101000111011101011001110000101111110111010111000011110111111101110000000111111101111111000000011101111111011110000111010111011111101000011100110101110111000101101
10110011010110100011101110101100111000010111111011101011100001111011111110111000000011111110111111100000001110111111101111000011101011101111110100001110011010111011100010110
01011001101011010001110111010110011100001011111101110101110000111101111111011100000001111111011111110000000111011111110111100001110101110111111010000111001101011101110001011
10101100110101101000111011101011001110000101111110111010111000011110111111101110000000111111101111111000000011101111111011110000111010111011111101000011100110101110111000101
11010110011010110100011101110101100111000010111111011101011100001111011111110111000000011111110111111100000001110111111101111000011101011101111110100001110011010111011100010
01101011001101011010001110111010110011100001011111101110101110000111101111111011100000001111111011111110000000111011111110111100001110101110111111010000111001101011101110001
10110101100110101101000111011101011001110000101111110111010111000011110111111101110000000111111101111111000000011101111111011110000111010111011111101000011100110101110111000
01011010110011010110100011101110101100111000010111111011101011100001111011111110111000000011111110111111100000001110111111101111000011101011101111110100001110011010111011100
00101101011001101011010001110111010110011100001011111101110101110000111101111111011100000001111111011111110000000111011111110111100001110101110111111010000111001101011101110
00010110101100110101101000111011101011001110000101111110111010111000011110111111101110000000111111101111111000000011101111111011110000111010111011111101000011100110101110111
10001011010110011010110100011101110101100111000010111111011101011100001111011111110111000000011111110111111100000001110111111101111000011101011101111110100001110011010111011
11000101101011001101011010001110111010110011100001011111101110101110000111101111111011100000001111111011111110000000111011111110111100001110101110111111010000111001101011101
11100010110101100110101101000111011101011001110000101111110111010111000011110111111101110000000111111101111111000000011101111111011110000111010111011111101000011100110101110
01110001011010110011010110100011101110101100111000010111111011101011100001111011111110111000000011111110111111100000001110111111101111000011101011101111110100001110011010111
10111000101101011001101011010001110111010110011100001011111101110101110000111101111111011100000001111111011111110000000111011111110111100001110101110111111010000111001101011
11011100010110101100110101101000111011101011001110000101111110111010111000011110111111101110000000111111101111111000000011101111111011110000111010111011111101000011100110101
11101110001011010110011010110100011101110101100111000010111111011101011100001111011111110111000000011111110111111100000001110111111101111000011101011101111110100001110011010
01110111000101101011001101011010001110111010110011100001011111101110101110000111101111111011100000001111111011111110000000111011111110111100001110101110111111010000111001101
10111011100010110101100110101101000111011101011001110000101111110111010111000011110111111101110000000111111101111111000000011101111111011110000111010111011111101000011100110
01011101110001011010110011010110100011101110101100111000010111111011101011100001111011111110111000000011111110111111100000001110111111101111000011101011101111110100001110011
10101110111000101101011001101011010001110111010110011100001011111101110101110000111101111111011100000001111111011111110000000111011111110111100001110101110111111010000111001
11010111011100010110101100110101101000111011101011001110000101111110111010111000011110111111101110000000111111101111111000000011101111111011110000111010111011111101000011100
01101011101110001011010110011010110100011101110101100111000010111111011101011100001111011111110111000000011111110111111100000001110111111101111000011101011101111110100001110
00110101110111000101101011001101011010001110111010110011100001011111101110101110000111101111111011100000001111111011111110000000111011111110111100001110101110111111010000111
10011010111011100010110101100110101101000111011101011001110000101111110111010111000011110111111101110000000111111101111111000000011101111111011110000111010111011111101000011
11001101011101110001011010110011010110100011101110101100111000010111111011101011100001111011111110111000000011111110111111100000001110111111101111000011101011101111110100001
11100110101110111000101101011001101011010001110111010110011100001011111101110101110000111101111111011100000001111111011111110000000111011111110111100001110101110111111010000
01110011010111011100010110101100110101101000111011101011001110000101111110111010111000011110111111101110000000111111101111111000000011101111111011110000111010111011111101000
00111001101011101110001011010110011010110100011101110101100111000010111111011101011100001111011111110111000000011111110111111100000001110111111101111000011101011101111110100
00011100110101110111000101101011001101011010001110111010110011100001011111101110101110000111101111111011100000001111111011111110000000111011111110111100001110101110111111010
00001110011010111011100010110101100110101101000111011101011001110000101111110111010111000011110111111101110000000111111101111111000000011101111111011110000111010111011111101
10000111001101011101110001011010110011010110100011101110101100111000010111111011101011100001111011111110111000000011111110111111100000001110111111101111000011101011101111110
01000011100110101110111000101101011001101011010001110111010110011100001011111101110101110000111101111111011100000001111111011111110000000111011111110111100001110101110111111
10100001110011010111011100010110101100110101101000111011101011001110000101111110111010111000011110111111101110000000111111101111111000000011101111111011110000111010111011111
11010000111001101011101110001011010110011010110100011101110101100111000010111111011101011100001111011111110111000000011111110111111100000001110111111101111000011101011101111
11101000011100110101110111000101101011001101011010001110111010110011100001011111101110101110000111101111111011100000001111111011111110000000111011111110111100001110101110111
11110100001110011010111011100010110101100110101101000111011101011001110000101111110111010111000011110111111101110000000111111101111111000000011101111111011110000111010111011
11111010000111001101011101110001011010110011010110100011101110101100111000010111111011101011100001111011111110111000000011111110111111100000001110111111101111000011101011101
11111101000011100110101110111000101101011001101011010001110111010110011100001011111101110101110000111101111111011100000001111111011111110000000111011111110111100001110101110
01111110100001110011010111011100010110101100110101101000111011101011001110000101111110111010111000011110111111101110000000111111101111111000000011101111111011110000111010111
10111111010000111001101011101110001011010110011010110100011101110101100111000010111111011101011100001111011111110111000000011111110111111100000001110111111101111000011101011
11011111101000011100110101110111000101101011001101011010001110111010110011100001011111101110101110000111101111111011100000001111111011111110000000111011111110111100001110101
11101111110100001110011010111011100010110101100110101101000111011101011001110000101111110111010111000011110111111101110000000111111101111111000000011101111111011110000111010
01110111111010000111001101011101110001011010110011010110100011101110101100111000010111111011101011100001111011111110111000000011111110111111100000001110111111101111000011101
10111011111101000011100110101110111000101101011001101011010001110111010110011100001011111101110101110000111101111111011100000001111111011111110000000111011111110111100001110
01011101111110100001110011010111011100010110101100110101101000111011101011001110000101111110111010111000011110111111101110000000111111101111111000000011101111111011110000111
10101110111111010000111001101011101110001011010110011010110100011101110101100111000010111111011101011100001111011111110111000000011111110111111100000001110111111101111000011
11010111011111101000011100110101110111000101101011001101011010001110111010110011100001011111101110101110000111101111111011100000001111111011111110000000111011111110111100001
11101011101111110100001110011010111011100010110101100110101101000111011101011001110000101111110111010111000011110111111101110000000111111101111111000000011101111111011110000
01110101110111111010000111001101011101110001011010110011010110100011101110101100111000010111111011101011100001111011111110111000000011111110111111100000001110111111101111000
00111010111011111101000011100110101110111000101101011001101011010001110111010110011100001011111101110101110000111101111111011100000001111111011111110000000111011111110111100
00011101011101111110100001110011010111011100010110101100110101101000111011101011001110000101111110111010111000011110111111101110000000111111101111111000000011101111111011110
00001110101110111111010000111001101011101110001011010110011010110100011101110101100111000010111111011101011100001111011111110111000000011111110111111100000001110111111101111
10000111010111011111101000011100110101110111000101101011001101011010001110111010110011100001011111101110101110000111101111111011100000001111111011111110000000111011111110111
11000011101011101111110100001110011010111011100010110101100110101101000111011101011001110000101111110111010111000011110111111101110000000111111101111111000000011101111111011
11100001110101110111111010000111001101011101110001011010110011010110100011101110101100111000010111111011101011100001111011111110111000000011111110111111100000001110111111101
11110000111010111011111101000011100110101110111000101101011001101011010001110111010110011100001011111101110101110000111101111111011100000001111111011111110000000111011111110
01111000011101011101111110100001110011010111011100010110101100110101101000111011101011001110000101111110111010111000011110111111101110000000111111101111111000000011101111111
10111100001110101110111111010000111001101011101110001011010110011010110100011101110101100111000010111111011101011100001111011111110111000000011111110111111100000001110111111
11011110000111010111011111101000011100110101110111000101101011001101011010001110111010110011100001011111101110101110000111101111111011100000001111111011111110000000111011111
11101111000011101011101111110100001110011010111011100010110101100110101101000111011101011001110000101111110111010111000011110111111101110000000111111101111111000000011101111
11110111100001110101110111111010000111001101011101110001011010110011010110100011101110101100111000010111111011101011100001111011111110111000000011111110111111100000001110111
11111011110000111010111011111101000011100110101110111000101101011001101011010001110111010110011100001011111101110101110000111101111111011100000001111111011111110000000111011
11111101111000011101011101111110100001110011010111011100010110101100110101101000111011101011001110000101111110111010111000011110111111101110000000111111101111111000000011101
11111110111100001110101110111111010000111001101011101110001011010110011010110100011101110101100111000010111111011101011100001111011111110111000000011111110111111100000001110
01111111011110000111010111011111101000011100110101110111000101101011001101011010001110111010110011100001011111101110101110000111101111111011100000001111111011111110000000111
10111111101111000011101011101111110100001110011010111011100010110101100110101101000111011101011001110000101111110111010111000011110111111101110000000111111101111111000000011
11011111110111100001110101110111111010000111001101011101110001011010110011010110100011101110101100111000010111111011101011100001111011111110111000000011111110111111100000001
11101111111011110000111010111011111101000011100110101110111000101101011001101011010001110111010110011100001011111101110101110000111101111111011100000001111111011111110000000
01110111111101111000011101011101111110100001110011010111011100010110101100110101101000111011101011001110000101111110111010111000011110111111101110000000111111101111111000000
00111011111110111100001110101110111111010000111001101011101110001011010110011010110100011101110101100111000010111111011101011100001111011111110111000000011111110111111100000
00011101111111011110000111010111011111101000011100110101110111000101101011001101011010001110111010110011100001011111101110101110000111101111111011100000001111111011111110000
00001110111111101111000011101011101111110100001110011010111011100010110101100110101101000111011101011001110000101111110111010111000011110111111101110000000111111101111111000
00000111011111110111100001110101110111111010000111001101011101110001011010110011010110100011101110101100111000010111111011101011100001111011111110111000000011111110111111100
00000011101111111011110000111010111011111101000011100110101110111000101101011001101011010001110111010110011100001011111101110101110000111101111111011100000001111111011111110
00000001110111111101111000011101011101111110100001110011010111011100010110101100110101101000111011101011001110000101111110111010111000011110111111101110000000111111101111111
10000000111011111110111100001110101110111111010000111001101011101110001011010110011010110100011101110101100111000010111111011101011100001111011111110111000000011111110111111
11000000011101111111011110000111010111011111101000011100110101110111000101101011001101011010001110111010110011100001011111101110101110000111101111111011100000001111111011111
11100000001110111111101111000011101011101111110100001110011010111011100010110101100110101101000111011101011001110000101111110111010111000011110111111101110000000111111101111
11110000000111011111110111100001110101110111111010000111001101011101110001011010110011010110100011101110101100111000010111111011101011100001111011111110111000000011111110111
11111000000011101111111011110000111010111011111101000011100110101110111000101101011001101011010001110111010110011100001011111101110101110000111101111111011100000001111111011
11111100000001110111111101111000011101011101111110100001110011010111011100010110101100110101101000111011101011001110000101111110111010111000011110111111101110000000111111101
11111110000000111011111110111100001110101110111111010000111001101011101110001011010110011010110100011101110101100111000010111111011101011100001111011111110111000000011111110
