0111101011110101000010101010111110000110010110101001111110111011011101111010110011100101101101101101001110011010111101110110111011111100101011010011000011111010101010000101011110101111
1011110101111010100001010101011111000011001011010100111111011101101110111101011001110010110110110110100111001101011110111011011101111110010101101001100001111101010101000010101111010111
1101111010111101010000101010101111100001100101101010011111101110110111011110101100111001011011011011010011100110101111011101101110111111001010110100110000111110101010100001010111101011
1110111101011110101000010101010111110000110010110101001111110111011011101111010110011100101101101101101001110011010111101110110111011111100101011010011000011111010101010000101011110101
1111011110101111010100001010101011111000011001011010100111111011101101110111101011001110010110110110110100111001101011110111011011101111110010101101001100001111101010101000010101111010
0111101111010111101010000101010101111100001100101101010011111101110110111011110101100111001011011011011010011100110101111011101101110111111001010110100110000111110101010100001010111101
1011110111101011110101000010101010111110000110010110101001111110111011011101111010110011100101101101101101001110011010111101110110111011111100101011010011000011111010101010000101011110
0101111011110101111010100001010101011111000011001011010100111111011101101110111101011001110010110110110110100111001101011110111011011101111110010101101001100001111101010101000010101111
1010111101111010111101010000101010101111100001100101101010011111101110110111011110101100111001011011011011010011100110101111011101101110111111001010110100110000111110101010100001010111
1101011110111101011110101000010101010111110000110010110101001111110111011011101111010110011100101101101101101001110011010111101110110111011111100101011010011000011111010101010000101011
1110101111011110101111010100001010101011111000011001011010100111111011101101110111101011001110010110110110110100111001101011110111011011101111110010101101001100001111101010101000010101
1111010111101111010111101010000101010101111100001100101101010011111101110110111011110101100111001011011011011010011100110101111011101101110111111001010110100110000111110101010100001010
0111101011110111101011110101000010101010111110000110010110101001111110111011011101111010110011100101101101101101001110011010111101110110111011111100101011010011000011111010101010000101
1011110101111011110101111010100001010101011111000011001011010100111111011101101110111101011001110010110110110110100111001101011110111011011101111110010101101001100001111101010101000010
0101111010111101111010111101010000101010101111100001100101101010011111101110110111011110101100111001011011011011010011100110101111011101101110111111001010110100110000111110101010100001
1010111101011110111101011110101000010101010111110000110010110101001111110111011011101111010110011100101101101101101001110011010111101110110111011111100101011010011000011111010101010000
0101011110101111011110101111010100001010101011111000011001011010100111111011101101110111101011001110010110110110110100111001101011110111011011101111110010101101001100001111101010101000
0010101111010111101111010111101010000101010101111100001100101101010011111101110110111011110101100111001011011011011010011100110101111011101101110111111001010110100110000111110101010100
0001010111101011110111101011110101000010101010111110000110010110101001111110111011011101111010110011100101101101101101001110011010111101110110111011111100101011010011000011111010101010
0000101011110101111011110101111010100001010101011111000011001011010100111111011101101110111101011001110010110110110110100111001101011110111011011101111110010101101001100001111101010101
1000010101111010111101111010111101010000101010101111100001100101101010011111101110110111011110101100111001011011011011010011100110101111011101101110111111001010110100110000111110101010
0100001010111101011110111101011110101000010101010111110000110010110101001111110111011011101111010110011100101101101101101001110011010111101110110111011111100101011010011000011111010101
1010000101011110101111011110101111010100001010101011111000011001011010100111111011101101110111101011001110010110110110110100111001101011110111011011101111110010101101001100001111101010
0101000010101111010111101111010111101010000101010101111100001100101101010011111101110110111011110101100111001011011011011010011100110101111011101101110111111001010110100110000111110101
1010100001010111101011110111101011110101000010101010111110000110010110101001111110111011011101111010110011100101101101101101001110011010111101110110111011111100101011010011000011111010
0101010000101011110101111011110101111010100001010101011111000011001011010100111111011101101110111101011001110010110110110110100111001101011110111011011101111110010101101001100001111101
1010101000010101111010111101111010111101010000101010101111100001100101101010011111101110110111011110101100111001011011011011010011100110101111011101101110111111001010110100110000111110
0101010100001010111101011110111101011110101000010101010111110000110010110101001111110111011011101111010110011100101101101101101001110011010111101110110111011111100101011010011000011111
1010101010000101011110101111011110101111010100001010101011111000011001011010100111111011101101110111101011001110010110110110110100111001101011110111011011101111110010101101001100001111
1101010101000010101111010111101111010111101010000101010101111100001100101101010011111101110110111011110101100111001011011011011010011100110101111011101101110111111001010110100110000111
1110101010100001010111101011110111101011110101000010101010111110000110010110101001111110111011011101111010110011100101101101101101001110011010111101110110111011111100101011010011000011
1111010101010000101011110101111011110101111010100001010101011111000011001011010100111111011101101110111101011001110010110110110110100111001101011110111011011101111110010101101001100001
1111101010101000010101111010111101111010111101010000101010101111100001100101101010011111101110110111011110101100111001011011011011010011100110101111011101101110111111001010110100110000
0111110101010100001010111101011110111101011110101000010101010111110000110010110101001111110111011011101111010110011100101101101101101001110011010111101110110111011111100101011010011000
0011111010101010000101011110101111011110101111010100001010101011111000011001011010100111111011101101110111101011001110010110110110110100111001101011110111011011101111110010101101001100
0001111101010101000010101111010111101111010111101010000101010101111100001100101101010011111101110110111011110101100111001011011011011010011100110101111011101101110111111001010110100110
0000111110101010100001010111101011110111101011110101000010101010111110000110010110101001111110111011011101111010110011100101101101101101001110011010111101110110111011111100101011010011
1000011111010101010000101011110101111011110101111010100001010101011111000011001011010100111111011101101110111101011001110010110110110110100111001101011110111011011101111110010101101001
1100001111101010101000010101111010111101111010111101010000101010101111100001100101101010011111101110110111011110101100111001011011011011010011100110101111011101101110111111001010110100
0110000111110101010100001010111101011110111101011110101000010101010111110000110010110101001111110111011011101111010110011100101101101101101001110011010111101110110111011111100101011010
0011000011111010101010000101011110101111011110101111010100001010101011111000011001011010100111111011101101110111101011001110010110110110110100111001101011110111011011101111110010101101
1001100001111101010101000010101111010111101111010111101010000101010101111100001100101101010011111101110110111011110101100111001011011011011010011100110101111011101101110111111001010110
0100110000111110101010100001010111101011110111101011110101000010101010111110000110010110101001111110111011011101111010110011100101101101101101001110011010111101110110111011111100101011
1010011000011111010101010000101011110101111011110101111010100001010101011111000011001011010100111111011101101110111101011001110010110110110110100111001101011110111011011101111110010101
1101001100001111101010101000010101111010111101111010111101010000101010101111100001100101101010011111101110110111011110101100111001011011011011010011100110101111011101101110111111001010
0110100110000111110101010100001010111101011110111101011110101000010101010111110000110010110101001111110111011011101111010110011100101101101101101001110011010111101110110111011111100101
1011010011000011111010101010000101011110101111011110101111010100001010101011111000011001011010100111111011101101110111101011001110010110110110110100111001101011110111011011101111110010
0101101001100001111101010101000010101111010111101111010111101010000101010101111100001100101101010011111101110110111011110101100111001011011011011010011100110101111011101101110111111001
1010110100110000111110101010100001010111101011110111101011110101000010101010111110000110010110101001111110111011011101111010110011100101101101101101001110011010111101110110111011111100
0101011010011000011111010101010000101011110101111011110101111010100001010101011111000011001011010100111111011101101110111101011001110010110110110110100111001101011110111011011101111110
0010101101001100001111101010101000010101111010111101111010111101010000101010101111100001100101101010011111101110110111011110101100111001011011011011010011100110101111011101101110111111
1001010110100110000111110101010100001010111101011110111101011110101000010101010111110000110010110101001111110111011011101111010110011100101101101101101001110011010111101110110111011111
1100101011010011000011111010101010000101011110101111011110101111010100001010101011111000011001011010100111111011101101110111101011001110010110110110110100111001101011110111011011101111
1110010101101001100001111101010101000010101111010111101111010111101010000101010101111100001100101101010011111101110110111011110101100111001011011011011010011100110101111011101101110111
1111001010110100110000111110101010100001010111101011110111101011110101000010101010111110000110010110101001111110111011011101111010110011100101101101101101001110011010111101110110111011
1111100101011010011000011111010101010000101011110101111011110101111010100001010101011111000011001011010100111111011101101110111101011001110010110110110110100111001101011110111011011101
1111110010101101001100001111101010101000010101111010111101111010111101010000101010101111100001100101101010011111101110110111011110101100111001011011011011010011100110101111011101101110
0111111001010110100110000111110101010100001010111101011110111101011110101000010101010111110000110010110101001111110111011011101111010110011100101101101101101001110011010111101110110111
1011111100101011010011000011111010101010000101011110101111011110101111010100001010101011111000011001011010100111111011101101110111101011001110010110110110110100111001101011110111011011
1101111110010101101001100001111101010101000010101111010111101111010111101010000101010101111100001100101101010011111101110110111011110101100111001011011011011010011100110101111011101101
1110111111001010110100110000111110101010100001010111101011110111101011110101000010101010111110000110010110101001111110111011011101111010110011100101101101101101001110011010111101110110
0111011111100101011010011000011111010101010000101011110101111011110101111010100001010101011111000011001011010100111111011101101110111101011001110010110110110110100111001101011110111011
1011101111110010101101001100001111101010101000010101111010111101111010111101010000101010101111100001100101101010011111101110110111011110101100111001011011011011010011100110101111011101
1101110111111001010110100110000111110101010100001010111101011110111101011110101000010101010111110000110010110101001111110111011011101111010110011100101101101101101001110011010111101110
0110111011111100101011010011000011111010101010000101011110101111011110101111010100001010101011111000011001011010100111111011101101110111101011001110010110110110110100111001101011110111
1011011101111110010101101001100001111101010101000010101111010111101111010111101010000101010101111100001100101101010011111101110110111011110101100111001011011011011010011100110101111011
1101101110111111001010110100110000111110101010100001010111101011110111101011110101000010101010111110000110010110101001111110111011011101111010110011100101101101101101001110011010111101
1110110111011111100101011010011000011111010101010000101011110101111011110101111010100001010101011111000011001011010100111111011101101110111101011001110010110110110110100111001101011110
0111011011101111110010101101001100001111101010101000010101111010111101111010111101010000101010101111100001100101101010011111101110110111011110101100111001011011011011010011100110101111
1011101101110111111001010110100110000111110101010100001010111101011110111101011110101000010101010111110000110010110101001111110111011011101111010110011100101101101101101001110011010111
1101110110111011111100101011010011000011111010101010000101011110101111011110101111010100001010101011111000011001011010100111111011101101110111101011001110010110110110110100111001101011
1110111011011101111110010101101001100001111101010101000010101111010111101111010111101010000101010101111100001100101101010011111101110110111011110101100111001011011011011010011100110101
1111011101101110111111001010110100110000111110101010100001010111101011110111101011110101000010101010111110000110010110101001111110111011011101111010110011100101101101101101001110011010
0111101110110111011111100101011010011000011111010101010000101011110101111011110101111010100001010101011111000011001011010100111111011101101110111101011001110010110110110110100111001101
1011110111011011101111110010101101001100001111101010101000010101111010111101111010111101010000101010101111100001100101101010011111101110110111011110101100111001011011011011010011100110
0101111011101101110111111001010110100110000111110101010100001010111101011110111101011110101000010101010111110000110010110101001111110111011011101111010110011100101101101101101001110011
1010111101110110111011111100101011010011000011111010101010000101011110101111011110101111010100001010101011111000011001011010100111111011101101110111101011001110010110110110110100111001
1101011110111011011101111110010101101001100001111101010101000010101111010111101111010111101010000101010101111100001100101101010011111101110110111011110101100111001011011011011010011100
0110101111011101101110111111001010110100110000111110101010100001010111101011110111101011110101000010101010111110000110010110101001111110111011011101111010110011100101101101101101001110
0011010111101110110111011111100101011010011000011111010101010000101011110101111011110101111010100001010101011111000011001011010100111111011101101110111101011001110010110110110110100111
1001101011110111011011101111110010101101001100001111101010101000010101111010111101111010111101010000101010101111100001100101101010011111101110110111011110101100111001011011011011010011
1100110101111011101101110111111001010110100110000111110101010100001010111101011110111101011110101000010101010111110000110010110101001111110111011011101111010110011100101101101101101001
1110011010111101110110111011111100101011010011000011111010101010000101011110101111011110101111010100001010101011111000011001011010100111111011101101110111101011001110010110110110110100
0111001101011110111011011101111110010101101001100001111101010101000010101111010111101111010111101010000101010101111100001100101101010011111101110110111011110101100111001011011011011010
0011100110101111011101101110111111001010110100110000111110101010100001010111101011110111101011110101000010101010111110000110010110101001111110111011011101111010110011100101101101101101
1001110011010111101110110111011111100101011010011000011111010101010000101011110101111011110101111010100001010101011111000011001011010100111111011101101110111101011001110010110110110110
0100111001101011110111011011101111110010101101001100001111101010101000010101111010111101111010111101010000101010101111100001100101101010011111101110110111011110101100111001011011011011
1010011100110101111011101101110111111001010110100110000111110101010100001010111101011110111101011110101000010101010111110000110010110101001111110111011011101111010110011100101101101101
1101001110011010111101110110111011111100101011010011000011111010101010000101011110101111011110101111010100001010101011111000011001011010100111111011101101110111101011001110010110110110
0110100111001101011110111011011101111110010101101001100001111101010101000010101111010111101111010111101010000101010101111100001100101101010011111101110110111011110101100111001011011011
1011010011100110101111011101101110111111001010110100110000111110101010100001010111101011110111101011110101000010101010111110000110010110101001111110111011011101111010110011100101101101
1101101001110011010111101110110111011111100101011010011000011111010101010000101011110101111011110101111010100001010101011111000011001011010100111111011101101110111101011001110010110110
0110110100111001101011110111011011101111110010101101001100001111101010101000010101111010111101111010111101010000101010101111100001100101101010011111101110110111011110101100111001011011
1011011010011100110101111011101101110111111001010110100110000111110101010100001010111101011110111101011110101000010101010111110000110010110101001111110111011011101111010110011100101101
1101101101001110011010111101110110111011111100101011010011000011111010101010000101011110101111011110101111010100001010101011111000011001011010100111111011101101110111101011001110010110
0110110110100111001101011110111011011101111110010101101001100001111101010101000010101111010111101111010111101010000101010101111100001100101101010011111101110110111011110101100111001011
1011011011010011100110101111011101101110111111001010110100110000111110101010100001010111101011110111101011110101000010101010111110000110010110101001111110111011011101111010110011100101
1101101101101001110011010111101110110111011111100101011010011000011111010101010000101011110101111011110101111010100001010101011111000011001011010100111111011101101110111101011001110010
0110110110110100111001101011110111011011101111110010101101001100001111101010101000010101111010111101111010111101010000101010101111100001100101101010011111101110110111011110101100111001
1011011011011010011100110101111011101101110111111001010110100110000111110101010100001010111101011110111101011110101000010101010111110000110010110101001111110111011011101111010110011100
0101101101101101001110011010111101110110111011111100101011010011000011111010101010000101011110101111011110101111010100001010101011111000011001011010100111111011101101110111101011001110
0010110110110110100111001101011110111011011101111110010101101001100001111101010101000010101111010111101111010111101010000101010101111100001100101101010011111101110110111011110101100111
1001011011011011010011100110101111011101101110111111001010110100110000111110101010100001010111101011110111101011110101000010101010111110000110010110101001111110111011011101111010110011
1100101101101101101001110011010111101110110111011111100101011010011000011111010101010000101011110101111011110101111010100001010101011111000011001011010100111111011101101110111101011001
1110010110110110110100111001101011110111011011101111110010101101001100001111101010101000010101111010111101111010111101010000101010101111100001100101101010011111101110110111011110101100
0111001011011011011010011100110101111011101101110111111001010110100110000111110101010100001010111101011110111101011110101000010101010111110000110010110101001111110111011011101111010110
0011100101101101101101001110011010111101110110111011111100101011010011000011111010101010000101011110101111011110101111010100001010101011111000011001011010100111111011101101110111101011
1001110010110110110110100111001101011110111011011101111110010101101001100001111101010101000010101111010111101111010111101010000101010101111100001100101101010011111101110110111011110101
1100111001011011011011010011100110101111011101101110111111001010110100110000111110101010100001010111101011110111101011110101000010101010111110000110010110101001111110111011011101111010
0110011100101101101101101001110011010111101110110111011111100101011010011000011111010101010000101011110101111011110101111010100001010101011111000011001011010100111111011101101110111101
1011001110010110110110110100111001101011110111011011101111110010101101001100001111101010101000010101111010111101111010111101010000101010101111100001100101101010011111101110110111011110
0101100111001011011011011010011100110101111011101101110111111001010110100110000111110101010100001010111101011110111101011110101000010101010111110000110010110101001111110111011011101111
1010110011100101101101101101001110011010111101110110111011111100101011010011000011111010101010000101011110101111011110101111010100001010101011111000011001011010100111111011101101110111
1101011001110010110110110110100111001101011110111011011101111110010101101001100001111101010101000010101111010111101111010111101010000101010101111100001100101101010011111101110110111011
1110101100111001011011011011010011100110101111011101101110111111001010110100110000111110101010100001010111101011110111101011110101000010101010111110000110010110101001111110111011011101
1111010110011100101101101101101001110011010111101110110111011111100101011010011000011111010101010000101011110101111011110101111010100001010101011111000011001011010100111111011101101110
0111101011001110010110110110110100111001101011110111011011101111110010101101001100001111101010101000010101111010111101111010111101010000101010101111100001100101101010011111101110110111
1011110101100111001011011011011010011100110101111011101101110111111001010110100110000111110101010100001010111101011110111101011110101000010101010111110000110010110101001111110111011011
1101111010110011100101101101101101001110011010111101110110111011111100101011010011000011111010101010000101011110101111011110101111010100001010101011111000011001011010100111111011101101
1110111101011001110010110110110110100111001101011110111011011101111110010101101001100001111101010101000010101111010111101111010111101010000101010101111100001100101101010011111101110110
0111011110101100111001011011011011010011100110101111011101101110111111001010110100110000111110101010100001010111101011110111101011110101000010101010111110000110010110101001111110111011
1011101111010110011100101101101101101001110011010111101110110111011111100101011010011000011111010101010000101011110101111011110101111010100001010101011111000011001011010100111111011101
1101110111101011001110010110110110110100111001101011110111011011101111110010101101001100001111101010101000010101111010111101111010111101010000101010101111100001100101101010011111101110
0110111011110101100111001011011011011010011100110101111011101101110111111001010110100110000111110101010100001010111101011110111101011110101000010101010111110000110010110101001111110111
1011011101111010110011100101101101101101001110011010111101110110111011111100101011010011000011111010101010000101011110101111011110101111010100001010101011111000011001011010100111111011
1101101110111101011001110010110110110110100111001101011110111011011101111110010101101001100001111101010101000010101111010111101111010111101010000101010101111100001100101101010011111101
1110110111011110101100111001011011011011010011100110101111011101101110111111001010110100110000111110101010100001010111101011110111101011110101000010101010111110000110010110101001111110
0111011011101111010110011100101101101101101001110011010111101110110111011111100101011010011000011111010101010000101011110101111011110101111010100001010101011111000011001011010100111111
1011101101110111101011001110010110110110110100111001101011110111011011101111110010101101001100001111101010101000010101111010111101111010111101010000101010101111100001100101101010011111
1101110110111011110101100111001011011011011010011100110101111011101101110111111001010110100110000111110101010100001010111101011110111101011110101000010101010111110000110010110101001111
1110111011011101111010110011100101101101101101001110011010111101110110111011111100101011010011000011111010101010000101011110101111011110101111010100001010101011111000011001011010100111
1111011101101110111101011001110010110110110110100111001101011110111011011101111110010101101001100001111101010101000010101111010111101111010111101010000101010101111100001100101101010011
1111101110110111011110101100111001011011011011010011100110101111011101101110111111001010110100110000111110101010100001010111101011110111101011110101000010101010111110000110010110101001
1111110111011011101111010110011100101101101101101001110011010111101110110111011111100101011010011000011111010101010000101011110101111011110101111010100001010101011111000011001011010100
0111111011101101110111101011001110010110110110110100111001101011110111011011101111110010101101001100001111101010101000010101111010111101111010111101010000101010101111100001100101101010
0011111101110110111011110101100111001011011011011010011100110101111011101101110111111001010110100110000111110101010100001010111101011110111101011110101000010101010111110000110010110101
1001111110111011011101111010110011100101101101101101001110011010111101110110111011111100101011010011000011111010101010000101011110101111011110101111010100001010101011111000011001011010
0100111111011101101110111101011001110010110110110110100111001101011110111011011101111110010101101001100001111101010101000010101111010111101111010111101010000101010101111100001100101101
1010011111101110110111011110101100111001011011011011010011100110101111011101101110111111001010110100110000111110101010100001010111101011110111101011110101000010101010111110000110010110
0101001111110111011011101111010110011100101101101101101001110011010111101110110111011111100101011010011000011111010101010000101011110101111011110101111010100001010101011111000011001011
1010100111111011101101110111101011001110010110110110110100111001101011110111011011101111110010101101001100001111101010101000010101111010111101111010111101010000101010101111100001100101
1101010011111101110110111011110101100111001011011011011010011100110101111011101101110111111001010110100110000111110101010100001010111101011110111101011110101000010101010111110000110010
0110101001111110111011011101111010110011100101101101101101001110011010111101110110111011111100101011010011000011111010101010000101011110101111011110101111010100001010101011111000011001
1011010100111111011101101110111101011001110010110110110110100111001101011110111011011101111110010101101001100001111101010101000010101111010111101111010111101010000101010101111100001100
0101101010011111101110110111011110101100111001011011011011010011100110101111011101101110111111001010110100110000111110101010100001010111101011110111101011110101000010101010111110000110
0010110101001111110111011011101111010110011100101101101101101001110011010111101110110111011111100101011010011000011111010101010000101011110101111011110101111010100001010101011111000011
1001011010100111111011101101110111101011001110010110110110110100111001101011110111011011101111110010101101001100001111101010101000010101111010111101111010111101010000101010101111100001
1100101101010011111101110110111011110101100111001011011011011010011100110101111011101101110111111001010110100110000111110101010100001010111101011110111101011110101000010101010111110000
0110010110101001111110111011011101111010110011100101101101101101001110011010111101110110111011111100101011010011000011111010101010000101011110101111011110101111010100001010101011111000
0011001011010100111111011101101110111101011001110010110110110110100111001101011110111011011101111110010101101001100001111101010101000010101111010111101111010111101010000101010101111100
0001100101101010011111101110110111011110101100111001011011011011010011100110101111011101101110111111001010110100110000111110101010100001010111101011110111101011110101000010101010111110
0000110010110101001111110111011011101111010110011100101101101101101001110011010111101110110111011111100101011010011000011111010101010000101011110101111011110101111010100001010101011111
1000011001011010100111111011101101110111101011001110010110110110110100111001101011110111011011101111110010101101001100001111101010101000010101111010111101111010111101010000101010101111
1100001100101101010011111101110110111011110101100111001011011011011010011100110101111011101101110111111001010110100110000111110101010100001010111101011110111101011110101000010101010111
1110000110010110101001111110111011011101111010110011100101101101101101001110011010111101110110111011111100101011010011000011111010101010000101011110101111011110101111010100001010101011
1111000011001011010100111111011101101110111101011001110010110110110110100111001101011110111011011101111110010101101001100001111101010101000010101111010111101111010111101010000101010101
1111100001100101101010011111101110110111011110101100111001011011011011010011100110101111011101101110111111001010110100110000111110101010100001010111101011110111101011110101000010101010
0111110000110010110101001111110111011011101111010110011100101101101101101001110011010111101110110111011111100101011010011000011111010101010000101011110101111011110101111010100001010101
1011111000011001011010100111111011101101110111101011001110010110110110110100111001101011110111011011101111110010101101001100001111101010101000010101111010111101111010111101010000101010
0101111100001100101101010011111101110110111011110101100111001011011011011010011100110101111011101101110111111001010110100110000111110101010100001010111101011110111101011110101000010101
1010111110000110010110101001111110111011011101111010110011100101101101101101001110011010111101110110111011111100101011010011000011111010101010000101011110101111011110101111010100001010
0101011111000011001011010100111111011101101110111101011001110010110110110110100111001101011110111011011101111110010101101001100001111101010101000010101111010111101111010111101010000101
1010101111100001100101101010011111101110110111011110101100111001011011011011010011100110101111011101101110111111001010110100110000111110101010100001010111101011110111101011110101000010
0101010111110000110010110101001111110111011011101111010110011100101101101101101001110011010111101110110111011111100101011010011000011111010101010000101011110101111011110101111010100001
1010101011111000011001011010100111111011101101110111101011001110010110110110110100111001101011110111011011101111110010101101001100001111101010101000010101111010111101111010111101010000
0101010101111100001100101101010011111101110110111011110101100111001011011011011010011100110101111011101101110111111001010110100110000111110101010100001010111101011110111101011110101000
0010101010111110000110010110101001111110111011011101111010110011100101101101101101001110011010111101110110111011111100101011010011000011111010101010000101011110101111011110101111010100
0001010101011111000011001011010100111111011101101110111101011001110010110110110110100111001101011110111011011101111110010101101001100001111101010101000010101111010111101111010111101010
0000101010101111100001100101101010011111101110110111011110101100111001011011011011010011100110101111011101101110111111001010110100110000111110101010100001010111101011110111101011110101
1000010101010111110000110010110101001111110111011011101111010110011100101101101101101001110011010111101110110111011111100101011010011000011111010101010000101011110101111011110101111010
0100001010101011111000011001011010100111111011101101110111101011001110010110110110110100111001101011110111011011101111110010101101001100001111101010101000010101111010111101111010111101
1010000101010101111100001100101101010011111101110110111011110101100111001011011011011010011100110101111011101101110111111001010110100110000111110101010100001010111101011110111101011110
0101000010101010111110000110010110101001111110111011011101111010110011100101101101101101001110011010111101110110111011111100101011010011000011111010101010000101011110101111011110101111
1010100001010101011111000011001011010100111111011101101110111101011001110010110110110110100111001101011110111011011101111110010101101001100001111101010101000010101111010111101111010111
1101010000101010101111100001100101101010011111101110110111011110101100111001011011011011010011100110101111011101101110111111001010110100110000111110101010100001010111101011110111101011
1110101000010101010111110000110010110101001111110111011011101111010110011100101101101101101001110011010111101110110111011111100101011010011000011111010101010000101011110101111011110101
1111010100001010101011111000011001011010100111111011101101110111101011001110010110110110110100111001101011110111011011101111110010101101001100001111101010101000010101111010111101111010
0111101010000101010101111100001100101101010011111101110110111011110101100111001011011011011010011100110101111011101101110111111001010110100110000111110101010100001010111101011110111101
1011110101000010101010111110000110010110101001111110111011011101111010110011100101101101101101001110011010111101110110111011111100101011010011000011111010101010000101011110101111011110
0101111010100001010101011111000011001011010100111111011101101110111101011001110010110110110110100111001101011110111011011101111110010101101001100001111101010101000010101111010111101111
1010111101010000101010101111100001100101101010011111101110110111011110101100111001011011011011010011100110101111011101101110111111001010110100110000111110101010100001010111101011110111
1101011110101000010101010111110000110010110101001111110111011011101111010110011100101101101101101001110011010111101110110111011111100101011010011000011111010101010000101011110101111011
1110101111010100001010101011111000011001011010100111111011101101110111101011001110010110110110110100111001101011110111011011101111110010101101001100001111101010101000010101111010111101
1111010111101010000101010101111100001100101101010011111101110110111011110101100111001011011011011010011100110101111011101101110111111001010110100110000111110101010100001010111101011110
