0100111001000110110111111100001101001100000101010100101010100000110010110000111111101101100010011100101111001010101111111110010111111
1010011100100011011011111110000110100110000010101010010101010000011001011000011111110110110001001110001101101011110111011111001110101
0101001110010001101101111111000011010011000001010101001010101000001100101100001111111011011000100111011100110101011111111111111001001
0010100111001000110110111111100001101001100000101010100101010100000110010110000111111101101100010011111110111101011110110111111011001
1001010011100100011011011111110000110100110000010101010010101010000011001011000011111110110110001001101011010110001111101111110011110
1100101001110010001101101111111000011010011000001010101001010101000001100101100001111111011011000100110111000100111111011111111011001
1110010100111001000110110111111100001101001100000101010100101010100000110010110000111111101101100010011001101011010110111111010111111
0111001010011100100011011011111110000110100110000010101010010101010000011001011000011111110110110001010001110101011101100101010011101
0011100101001110010001101101111111000011010011000001010101001010101000001100101100001111111011011000111110111011100001110011011111010
1001110010100111001000110110111111100001101001100000101010100101010100000110010110000111111101101100001111010111110111011011110100110
0100111001010011100100011011011111110000110100110000010101010010101010000011001011000011111110110110011111001101111100000101110100110
0010011100101001110010001101101111111000011010011000001010101001010101000001100101100001111111011011010001101111011011001110111101010
0001001110010100111001000110110111111100001101001100000101010100101010100000110010110000111111101101111100111011001111101011010111111
1000100111001010011100100011011011111110000110100110000010101010010101010000011001011000011111110110111010111110101101111001110111111
1100010011100101001110010001101101111111000011010011000001010101001010101000001100101100001111111011011101011110111011100001101111110
0110001001110010100111001000110110111111100001101001100000101010100101010100000110010110000111111101101110001101111101100101111111101
1011000100111001010011100100011011011111110000110100110000010101010010101010000011001011000011111110101100101100011111011110000111111
1101100010011100101001110010001101101111111000011010011000001010101001010101000001100101100001111111011110011011001111111001111011101
0110110001001110010100111001000110110111111100001101001100000101010100101010100000110010110000111111111111001111100111111100111011110
1011011000100111001010011100100011011011111110000110100110000010101010010101010000011001011000011111101011001011110101101110111111011
1101101100010011100101001110010001101101111111000011010011000001010101001010101000001100101100001111111010101000111110011111111111111
1110110110001001110010100111001000110110111111100001101001100000101010100101010100000110010110000111111111111000011111011111011110111
1111011011000100111001010011100100011011011111110000110100110000010101010010101010000011001011000011111101011011001110011101011101111
1111101101100010011100101001110010001101101111111000011010011000001010101001010101000001100101100001110111101111100100111100110011111
1111110110110001001110010100111001000110110111111100001101001100000101010100101010100000110010110000111111111111010111101110011011110
1111111011011000100111001010011100100011011011111110000110100110000010101010010101010000011001011000001101011001011010011111001011011
0111111101101100010011100101001110010001101101111111000011010011000001010101001010101000001100101100001111101010001111110011111011011
0011111110110110001001110010100111001000110110111111100001101001100000101010100101010100000110010110011111111011100101111101011011011
0001111111011011000100111001010011100100011011011111110000110100110000010101010010101010000011001011011111111110111111110101110110110
0000111111101101100010011100101001110010001101101111111000011010011000001010101001010101000001100101111111110111011111001110111100111
1000011111110110110001001110010100111001000110110111111100001101001100000101010100101010100000110010110101111110101111101111110111011
1100001111111011011000100111001010011100100011011011111110000110100110000010101010010101010000011001010101111110110110011011101111101
0110000111111101101100010011100101001110010001101101111111000011010011000001010101001010101000001100101110111111011101101001111001111
1011000011111110110110001001110010100111001000110110111111100001101001100000101010100101010100000110000111011111101110101100111110110
0101100001111111011011000100111001010011100100011011011111110000110100110000010101010010101010000011011110001111110101101110011100111
0010110000111111101101100010011100101001110010001101101111111000011010011000001010101001010101000001111011001100111011111001101101110
1001011000011111110110110001001110010100111001000110110111111100001101001100000101010100101010100000101111001011111111011000110011111
1100101100001111111011011000100111001010011100100011011011111110000110100110000010101010010101010000011110101011111111101100110001111
0110010110000111111101101100010011100101001110010001101101111111000011010011000001010101001010101000001111111011111101111110110110111
0011001011000011111110110110001001110010100111001000110110111111100001101001100000101010100101010100011100011011111110111011111100101
0001100101100001111111011011000100111001010011100100011011011111110000110100110000010101010010101010011010101111011011001101110111010
0000110010110000111111101101100010011100101001110010001101101111111000011010011000001010101001010101011111011111001111010110101111101
0000011001011000011111110110110001001110010100111001000110110111111100001101001100000101010100101010110101001111000011011011110111111
1000001100101100001111111011011000100111001010011100100011011011111110000110100110000010101010010101011100101011000101111101110110111
0100000110010110000111111101101100010011100101001110010001101101111111000011010011000001010101001010110101111111100101111110110110011
1010000011001011000011111110110110001001110010100111001000110110111111100001101001100000101010100101011100011101110111111111110111010
0101000001100101100001111111011011000100111001010011100100011011011111110000110100110000010101010010111100000011011110111111111110101
1010100000110010110000111111101101100010011100101001110010001101101111111000011010011000001010101001011110001011101100111111111110011
0101010000011001011000011111110110110001001110010100111001000110110111111100001101001100000101010100110101001010011100111111111011001
1010101000001100101100001111111011011000100111001010011100100011011011111110000110100110000010101010000111001101011110110111100111010
0101010100000110010110000111111101101100010011100101001110010001101101111111000011010011000001010101011101101100101101100011111101101
0010101010000011001011000011111110110110001001110010100111001000110110111111100001101001100000101010111110011010111111101101001110101
1001010101000001100101100001111111011011000100111001010011100100011011011111110000110100110000010101001111101011011111111000111111001
0100101010100000110010110000111111101101100010011100101001110010001101101111111000011010011000001010111110011111001110011000100111111
1010010101010000011001011000011111110110110001001110010100111001000110110111111100001101001100000101011101101101010101101100111110110
0101001010101000001100101100001111111011011000100111001010011100100011011011111110000110100110000010110101011101010101111110111101111
1010100101010100000110010110000111111101101100010011100101001110010001101101111111000011010011000001010111101111000001101111011111101
0101010010101010000011001011000011111110110110001001110010100111001000110110111111100001101001100000111101010011100111101101111111101
1010101001010101000001100101100001111111011011000100111001010011100100011011011111110000110100110000011110001111010111110011110111110
0101010100101010100000110010110000111111101101100010011100101001110010001101101111111000011010011000011001100101101011011001110111111
0010101010010101010000011001011000011111110110110001001110010100111001000110110111111100001101001100011110011010011111101100111111101
0001010101001010101000001100101100001111111011011000100111001010011100100011011011111110000110100110011101101111101111101110101111100
0000101010100101010100000110010110000111111101101100010011100101001110010001101101111111000011010011011110010111010110111011101011110
0000010101010010101010000011001011000011111110110110001001110010100111001000110110111111100001101001111101101111101110111001100110011
1000001010101001010101000001100101100001111111011011000100111001010011100100011011011111110000110100101110011110011101101100011110011
1100000101010100101010100000110010110000111111101101100010011100101001110010001101101111111000011010011100101101011111111100011011011
0110000010101010010101010000011001011000011111110110110001001110010100111001000110110111111100001101011100011111100111101000111011011
0011000001010101001010101000001100101100001111111011011000100111001010011100100011011011111110000110111100000111010111011100111111110
1001100000101010100101010100000110010110000111111101101100010011100101001110010001101101111111000011011110001011101111101110011110111
0100110000010101010010101010000011001011000011111110110110001001110010100111001000110110111111100001111111001010011011110101111111001
1010011000001010101001010101000001100101100001111111011011000100111001010011100100011011011111110000111101001101111100101110011110101
1101001100000101010100101010100000110010110000111111101101100010011100101001110010001101101111111000011100101111010101111101111110000
0110100110000010101010010101010000011001011000011111110110110001001110010100111001000110110111111100000111111111101100111010111111010
0011010011000001010101001010101000001100101100001111111011011000100111001010011100100011011011111110001111011110011111100101111111111
0001101001100000101010100101010100000110010110000111111101101100010011100101001110010001101101111111010111001101011101110011101100111
0000110100110000010101010010101010000011001011000011111110110110001001110010100111001000110110111111111111101101010101101001100100110
1000011010011000001010101001010101000001100101100001111111011011000100111001010011100100011011011111111101011111000110111100111100101
1100001101001100000101010100101010100000110010110000111111101101100010011100101001110010001101101111110101101011000111101110011110001
1110000110100110000010101010010101010000011001011000011111110110110001001110010100111001000110110111100111111110101011011101111100100
1111000011010011000001010101001010101000001100101100001111111011011000100111001010011100100011011011111100010111110001100011111001111
1111100001101001100000101010100101010100000110010110000111111101101100010011100101001110010001101101110111000111011101111101111110110
1111110000110100110000010101010010101010000011001011000011111110110110001001110010100111001000110110110111001111001111101110011111010
1111111000011010011000001010101001010101000001100101100001111111011011000100111001010011100100011011011111001110101111000101111010111
0111111100001101001100000101010100101010100000110010110000111111101101100010011100101001110010001101111111101011010111101010111111011
1011111110000110100110000010101010010101010000011001011000011111110110110001001110010100111001000110101111111100111101101001110110110
1101111111000011010011000001010101001010101000001100101100001111111011011000100111001010011100100011011111111110111101101000111111001
0110111111100001101001100000101010100101010100000110010110000111111101101100010011100101001110010001111011111110011111111000101011110
1011011111110000110100110000010101010010101010000011001011000011111110110110001001110010100111001000111101110111001111111000111001100
1101101111111000011010011000001010101001010101000001100101100001111111011011000100111001010011100100011110111101000111101100110011011
0110110111111100001101001100000101010100101010100000110010110000111111101101100010011100101001110010011011111101010111001110101011110
0011011011111110000110100110000010101010010101010000011001011000011111110110110001001110010100111001011101011101100001111011111011001
0001101101111111000011010011000001010101001010101000001100101100001111111011011000100111001010011100111010100100111110111001111110100
1000110110111111100001101001100000101010100101010100000110010110000111111101101100010011100101001110011111111110111101111100110111011
0100011011011111110000110100110000010101010010101010000011001011000011111110110110001001110010100111011101011011111101110011111100101
0010001101101111111000011010011000001010101001010101000001100101100001111111011011000100111001010011100110101111111111000101101111010
1001000110110111111100001101001100000101010100101010100000110010110000111111101101100010011100101001110100110111111110110111011011100
1100100011011011111110000110100110000010101010010101010000011001011000011111110110110001001110010100110111011011111111101011100110011
1110010001101101111111000011010011000001010101001010101000001100101100001111111011011000100111001010001111001011011101101001111100101
0111001000110110111111100001101001100000101010100101010100000110010110000111111101101100010011100101011000001111101111110101010100111
0011100100011011011111110000110100110000010101010010101010000011001011000011111110110110001001110010111010101111110110110001111110001
1001110010001101101111111000011010011000001010101001010101000001100101100001111111011011000100111001011111011111011011011100111111001
0011011110111110011011111001111100110101111111111011011111111111011111110011110111110111111111011011101011010000000010100110101010100
1111101011101111111111101111110010111111110101110011111001111111111111110101100100111111111111000111110111000001101001010010010000000
1111010011101011111001111111111111101111011111111111111111101111111111111111111111111101101011111100101001101000000100001001001000010
1001110011100101011111011011110011111110110000010101110010101010100011001111001011111110110110101101111001110000100010100110100010110
1100111101110010001101111111111101011010011010001110101111010101000001101111111011111111011011001100111110010001101001010010010000000
0111001110011100100011011011111110000110100110000010101010010101010000011001011000011111110110110001000110011110000000111101101001010
0011100111001110010001101101111111000011010011000001010101001010101000001100101100001111111011011000110011100101100111011110110000101
1101001010111111111111111111101111111111111111011111111110101101111011111111111001111110111011101111100100100100000010100100100101001
0011110101110111101000011000111111110000111011000110011110110111111100111111101111101111111110110011100000111010010001010000000010101
1100101011011110011100111011111111101111111110111001110011101111101111011100111111110111000011111111100000100101011010100011001000011
0111001111111001011100111101010011101111111111110100111111110111011110111011110111010001111001111111101001010010111100000100000101000
1100010011100111001110010001101101111111000011010011000001010101001010101000001100101100001111111011001011010001010110111000110010111
0111011101110011100111001100110110111111100001101101101100101010110101110111000110011110010111111101100000000111101010001001001000011
1011110100111111110011100110111011011111110000111111110000011101110011101110001011101111000111111110101001000011010100000100100101000
1111111101101101111111111011111111101111010111111111111101101111111110111111110011111111110111111111000100010001101010100010010010100
1111111001011010111011101110111101011101111001100101110001111111011111000100111001110011110100111011110010011010110101110000000000000
1110110111011111111101001011111010111110111111000011101111111100111111010111011111111111111011101110101001010100000010111011000101000
1011101110001111011100011011101011110111000111111111101111101111111011111111110111011111101111011111010010101010100111010010000000000
1111011011000100111011110111100100011011011111111100110100110011010101011010101010000011001111010011101001110100100011101001000101001
1110111001011100111111111101011111111111101111111001111111011111111110111001111011011111111110001100100100110000110001010101100010000
1111111100110001101111111101111001100110110111111101001111001100110111110100111011100000110010110010110010111001001000001011110000000
1111111011011000100111001110011100100011011011111110000110100110000010101010010101010000011001011000011011010010000101100101111100111
0111111111101111010011100111101110010001101101111111000011110011000001010111001110101000001101111111000100100010010001011110100010100
0011110001110111011110010010111111011111111111111110111101111111001101011111101110111111111111101101110010111000101000001111010000000
1011111111111101011111111011111011101111101111111010101111111000111111111100111111111101101111010111101001010000100100000110101000011
0111010010010011011111101111010111110001010000111011101111001110111111111110111111110111011101110101110100100010010000000010010101010
1100001011111111100111100000111101110011111111110111111111111101100111111111111011011100000111101111100000001001001001010010001011110
1101111110001111111111011111101101001010111111111101111011111111111111111100010011111110111110111001110010000100100100001001000101101
1011111110011111111110111111001110011100111001001110110111111110011101001100000101010111111010110000100000101001001001010000001110110
1100101101101111111011111000110111111111011100100011011111111110000110100111101110101011010101010110010010010100100100000011000111001
1000101011111110101111111111111011111110101111010100011100110011111110001111000111111010110010101010000110100010110000000010011101000
1111011100001101110111110111011110101111011110111011110111011001111011100110110100110100101011001111100000011110110000010010010010100
