0101100110100001101100110100011110001101111111011101010011101001001100000111101101111110010010000001011011000001101010110011010101100000110110100000010010011111101101111000001100100101110010101110111111101100011110001011001101100001011001101
1010110011010000110110011010001111000110111111101110101001110100100110000011110110111111001001000000101101100000110101011001101010110000011011010000001001001111110110111100000110010010111001010111011111110110001111000101100110110000101100110
0101011001101000011011001101000111100011011111110111010100111010010011000001111011011111100100100000010110110000011010101100110101011000001101101000000100100111111011011110000011001001011100101011101111111011000111100010110011011000010110011
1010101100110100001101100110100011110001101111111011101010011101001001100000111101101111110010010000001011011000001101010110011010101100000110110100000010010011111101101111000001100100101110010101110111111101100011110001011001101100001011001
1101010110011010000110110011010001111000110111111101110101001110100100110000011110110111111001001000000101101100000110101011001101010110000011011010000001001001111110110111100000110010010111001010111011111110110001111000101100110110000101100
0110101011001101000011011001101000111100011011111110111010100111010010011000001111011011111100100100000010110110000011010101100110101011000001101101000000100100111111011011110000011001001011100101011101111111011000111100010110011011000010110
0011010101100110100001101100110100011110001101111111011101010011101001001100000111101101111110010010000001011011000001101010110011010101100000110110100000010010011111101101111000001100100101110010101110111111101100011110001011001101100001011
1001101010110011010000110110011010001111000110111111101110101001110100100110000011110110111111001001000000101101100000110101011001101010110000011011010000001001001111110110111100000110010010111001010111011111110110001111000101100110110000101
1100110101011001101000011011001101000111100011011111110111010100111010010011000001111011011111100100100000010110110000011010101100110101011000001101101000000100100111111011011110000011001001011100101011101111111011000111100010110011011000010
0110011010101100110100001101100110100011110001101111111011101010011101001001100000111101101111110010010000001011011000001101010110011010101100000110110100000010010011111101101111000001100100101110010101110111111101100011110001011001101100001
1011001101010110011010000110110011010001111000110111111101110101001110100100110000011110110111111001001000000101101100000110101011001101010110000011011010000001001001111110110111100000110010010111001010111011111110110001111000101100110110000
0101100110101011001101000011011001101000111100011011111110111010100111010010011000001111011011111100100100000010110110000011010101100110101011000001101101000000100100111111011011110000011001001011100101011101111111011000111100010110011011000
0010110011010101100110100001101100110100011110001101111111011101010011101001001100000111101101111110010010000001011011000001101010110011010101100000110110100000010010011111101101111000001100100101110010101110111111101100011110001011001101100
0001011001101010110011010000110110011010001111000110111111101110101001110100100110000011110110111111001001000000101101100000110101011001101010110000011011010000001001001111110110111100000110010010111001010111011111110110001111000101100110110
0000101100110101011001101000011011001101000111100011011111110111010100111010010011000001111011011111100100100000010110110000011010101100110101011000001101101000000100100111111011011110000011001001011100101011101111111011000111100010110011011
1000010110011010101100110100001101100110100011110001101111111011101010011101001001100000111101101111110010010000001011011000001101010110011010101100000110110100000010010011111101101111000001100100101110010101110111111101100011110001011001101
1100001011001101010110011010000110110011010001111000110111111101110101001110100100110000011110110111111001001000000101101100000110101011001101010110000011011010000001001001111110110111100000110010010111001010111011111110110001111000101100110
0110000101100110101011001101000011011001101000111100011011111110111010100111010010011000001111011011111100100100000010110110000011010101100110101011000001101101000000100100111111011011110000011001001011100101011101111111011000111100010110011
1011000010110011010101100110100001101100110100011110001101111111011101010011101001001100000111101101111110010010000001011011000001101010110011010101100000110110100000010010011111101101111000001100100101110010101110111111101100011110001011001
1101100001011001101010110011010000110110011010001111000110111111101110101001110100100110000011110110111111001001000000101101100000110101011001101010110000011011010000001001001111110110111100000110010010111001010111011111110110001111000101100
0110110000101100110101011001101000011011001101000111100011011111110111010100111010010011000001111011011111100100100000010110110000011010101100110101011000001101101000000100100111111011011110000011001001011100101011101111111011000111100010110
0011011000010110011010101100110100001101100110100011110001101111111011101010011101001001100000111101101111110010010000001011011000001101010110011010101100000110110100000010010011111101101111000001100100101110010101110111111101100011110001011
1001101100001011001101010110011010000110110011010001111000110111111101110101001110100100110000011110110111111001001000000101101100000110101011001101010110000011011010000001001001111110110111100000110010010111001010111011111110110001111000101
1100110110000101100110101011001101000011011001101000111100011011111110111010100111010010011000001111011011111100100100000010110110000011010101100110101011000001101101000000100100111111011011110000011001001011100101011101111111011000111100010
0110011011000010110011010101100110100001101100110100011110001101111111011101010011101001001100000111101101111110010010000001011011000001101010110011010101100000110110100000010010011111101101111000001100100101110010101110111111101100011110001
1011001101100001011001101010110011010000110110011010001111000110111111101110101001110100100110000011110110111111001001000000101101100000110101011001101010110000011011010000001001001111110110111100000110010010111001010111011111110110001111000
0101100110110000101100110101011001101000011011001101000111100011011111110111010100111010010011000001111011011111100100100000010110110000011010101100110101011000001101101000000100100111111011011110000011001001011100101011101111111011000111100
0010110011011000010110011010101100110100001101100110100011110001101111111011101010011101001001100000111101101111110010010000001011011000001101010110011010101100000110110100000010010011111101101111000001100100101110010101110111111101100011110
0001011001101100001011001101010110011010000110110011010001111000110111111101110101001110100100110000011110110111111001001000000101101100000110101011001101010110000011011010000001001001111110110111100000110010010111001010111011111110110001111
1000101100110110000101100110101011001101000011011001101000111100011011111110111010100111010010011000001111011011111100100100000010110110000011010101100110101011000001101101000000100100111111011011110000011001001011100101011101111111011000111
1100010110011011000010110011010101100110100001101100110100011110001101111111011101010011101001001100000111101101111110010010000001011011000001101010110011010101100000110110100000010010011111101101111000001100100101110010101110111111101100011
1110001011001101100001011001101010110011010000110110011010001111000110111111101110101001110100100110000011110110111111001001000000101101100000110101011001101010110000011011010000001001001111110110111100000110010010111001010111011111110110001
1111000101100110110000101100110101011001101000011011001101000111100011011111110111010100111010010011000001111011011111100100100000010110110000011010101100110101011000001101101000000100100111111011011110000011001001011100101011101111111011000
0111100010110011011000010110011010101100110100001101100110100011110001101111111011101010011101001001100000111101101111110010010000001011011000001101010110011010101100000110110100000010010011111101101111000001100100101110010101110111111101100
0011110001011001101100001011001101010110011010000110110011010001111000110111111101110101001110100100110000011110110111111001001000000101101100000110101011001101010110000011011010000001001001111110110111100000110010010111001010111011111110110
0001111000101100110110000101100110101011001101000011011001101000111100011011111110111010100111010010011000001111011011111100100100000010110110000011010101100110101011000001101101000000100100111111011011110000011001001011100101011101111111011
1000111100010110011011000010110011010101100110100001101100110100011110001101111111011101010011101001001100000111101101111110010010000001011011000001101010110011010101100000110110100000010010011111101101111000001100100101110010101110111111101
1100011110001011001101100001011001101010110011010000110110011010001111000110111111101110101001110100100110000011110110111111001001000000101101100000110101011001101010110000011011010000001001001111110110111100000110010010111001010111011111110
0110001111000101100110110000101100110101011001101000011011001101000111100011011111110111010100111010010011000001111011011111100100100000010110110000011010101100110101011000001101101000000100100111111011011110000011001001011100101011101111111
1011000111100010110011011000010110011010101100110100001101100110100011110001101111111011101010011101001001100000111101101111110010010000001011011000001101010110011010101100000110110100000010010011111101101111000001100100101110010101110111111
1101100011110001011001101100001011001101010110011010000110110011010001111000110111111101110101001110100100110000011110110111111001001000000101101100000110101011001101010110000011011010000001001001111110110111100000110010010111001010111011111
1110110001111000101100110110000101100110101011001101000011011001101000111100011011111110111010100111010010011000001111011011111100100100000010110110000011010101100110101011000001101101000000100100111111011011110000011001001011100101011101111
1111011000111100010110011011000010110011010101100110100001101100110100011110001101111111011101010011101001001100000111101101111110010010000001011011000001101010110011010101100000110110100000010010011111101101111000001100100101110010101110111
1111101100011110001011001101100001011001101010110011010000110110011010001111000110111111101110101001110100100110000011110110111111001001000000101101100000110101011001101010110000011011010000001001001111110110111100000110010010111001010111011
1111110110001111000101100110110000101100110101011001101000011011001101000111100011011111110111010100111010010011000001111011011111100100100000010110110000011010101100110101011000001101101000000100100111111011011110000011001001011100101011101
1111111011000111100010110011011000010110011010101100110100001101100110100011110001101111111011101010011101001001100000111101101111110010010000001011011000001101010110011010101100000110110100000010010011111101101111000001100100101110010101110
0111111101100011110001011001101100001011001101010110011010000110110011010001111000110111111101110101001110100100110000011110110111111001001000000101101100000110101011001101010110000011011010000001001001111110110111100000110010010111001010111
1011111110110001111000101100110110000101100110101011001101000011011001101000111100011011111110111010100111010010011000001111011011111100100100000010110110000011010101100110101011000001101101000000100100111111011011110000011001001011100101011
1101111111011000111100010110011011000010110011010101100110100001101100110100011110001101111111011101010011101001001100000111101101111110010010000001011011000001101010110011010101100000110110100000010010011111101101111000001100100101110010101
1110111111101100011110001011001101100001011001101010110011010000110110011010001111000110111111101110101001110100100110000011110110111111001001000000101101100000110101011001101010110000011011010000001001001111110110111100000110010010111001010
0111011111110110001111000101100110110000101100110101011001101000011011001101000111100011011111110111010100111010010011000001111011011111100100100000010110110000011010101100110101011000001101101000000100100111111011011110000011001001011100101
1011101111111011000111100010110011011000010110011010101100110100001101100110100011110001101111111011101010011101001001100000111101101111110010010000001011011000001101010110011010101100000110110100000010010011111101101111000001100100101110010
0101110111111101100011110001011001101100001011001101010110011010000110110011010001111000110111111101110101001110100100110000011110110111111001001000000101101100000110101011001101010110000011011010000001001001111110110111100000110010010111001
1010111011111110110001111000101100110110000101100110101011001101000011011001101000111100011011111110111010100111010010011000001111011011111100100100000010110110000011010101100110101011000001101101000000100100111111011011110000011001001011100
0101011101111111011000111100010110011011000010110011010101100110100001101100110100011110001101111111011101010011101001001100000111101101111110010010000001011011000001101010110011010101100000110110100000010010011111101101111000001100100101110
0010101110111111101100011110001011001101100001011001101010110011010000110110011010001111000110111111101110101001110100100110000011110110111111001001000000101101100000110101011001101010110000011011010000001001001111110110111100000110010010111
1001010111011111110110001111000101100110110000101100110101011001101000011011001101000111100011011111110111010100111010010011000001111011011111100100100000010110110000011010101100110101011000001101101000000100100111111011011110000011001001011
1100101011101111111011000111100010110011011000010110011010101100110100001101100110100011110001101111111011101010011101001001100000111101101111110010010000001011011000001101010110011010101100000110110100000010010011111101101111000001100100101
1110010101110111111101100011110001011001101100001011001101010110011010000110110011010001111000110111111101110101001110100100110000011110110111111001001000000101101100000110101011001101010110000011011010000001001001111110110111100000110010010
0111001010111011111110110001111000101100110110000101100110101011001101000011011001101000111100011011111110111010100111010010011000001111011011111100100100000010110110000011010101100110101011000001101101000000100100111111011011110000011001001
1011100101011101111111011000111100010110011011000010110011010101100110100001101100110100011110001101111111011101010011101001001100000111101101111110010010000001011011000001101010110011010101100000110110100000010010011111101101111000001100100
0101110010101110111111101100011110001011001101100001011001101010110011010000110110011010001111000110111111101110101001110100100110000011110110111111001001000000101101100000110101011001101010110000011011010000001001001111110110111100000110010
0010111001010111011111110110001111000101100110110000101100110101011001101000011011001101000111100011011111110111010100111010010011000001111011011111100100100000010110110000011010101100110101011000001101101000000100100111111011011110000011001
1001011100101011101111111011000111100010110011011000010110011010101100110100001101100110100011110001101111111011101010011101001001100000111101101111110010010000001011011000001101010110011010101100000110110100000010010011111101101111000001100
0100101110010101110111111101100011110001011001101100001011001101010110011010000110110011010001111000110111111101110101001110100100110000011110110111111001001000000101101100000110101011001101010110000011011010000001001001111110110111100000110
0010010111001010111011111110110001111000101100110110000101100110101011001101000011011001101000111100011011111110111010100111010010011000001111011011111100100100000010110110000011010101100110101011000001101101000000100100111111011011110000011
1001001011100101011101111111011000111100010110011011000010110011010101100110100001101100110100011110001101111111011101010011101001001100000111101101111110010010000001011011000001101010110011010101100000110110100000010010011111101101111000001
1100100101110010101110111111101100011110001011001101100001011001101010110011010000110110011010001111000110111111101110101001110100100110000011110110111111001001000000101101100000110101011001101010110000011011010000001001001111110110111100000
0110010010111001010111011111110110001111000101100110110000101100110101011001101000011011001101000111100011011111110111010100111010010011000001111011011111100100100000010110110000011010101100110101011000001101101000000100100111111011011110000
0011001001011100101011101111111011000111100010110011011000010110011010101100110100001101100110100011110001101111111011101010011101001001100000111101101111110010010000001011011000001101010110011010101100000110110100000010010011111101101111000
0001100100101110010101110111111101100011110001011001101100001011001101010110011010000110110011010001111000110111111101110101001110100100110000011110110111111001001000000101101100000110101011001101010110000011011010000001001001111110110111100
0000110010010111001010111011111110110001111000101100110110000101100110101011001101000011011001101000111100011011111110111010100111010010011000001111011011111100100100000010110110000011010101100110101011000001101101000000100100111111011011110
0000011001001011100101011101111111011000111100010110011011000010110011010101100110100001101100110100011110001101111111011101010011101001001100000111101101111110010010000001011011000001101010110011010101100000110110100000010010011111101101111
1000001100100101110010101110111111101100011110001011001101100001011001101010110011010000110110011010001111000110111111101110101001110100100110000011110110111111001001000000101101100000110101011001101010110000011011010000001001001111110110111
1100000110010010111001010111011111110110001111000101100110110000101100110101011001101000011011001101000111100011011111110111010100111010010011000001111011011111100100100000010110110000011010101100110101011000001101101000000100100111111011011
1110000011001001011100101011101111111011000111100010110011011000010110011010101100110100001101100110100011110001101111111011101010011101001001100000111101101111110010010000001011011000001101010110011010101100000110110100000010010011111101101
1111000001100100101110010101110111111101100011110001011001101100001011001101010110011010000110110011010001111000110111111101110101001110100100110000011110110111111001001000000101101100000110101011001101010110000011011010000001001001111110110
0111100000110010010111001010111011111110110001111000101100110110000101100110101011001101000011011001101000111100011011111110111010100111010010011000001111011011111100100100000010110110000011010101100110101011000001101101000000100100111111011
1011110000011001001011100101011101111111011000111100010110011011000010110011010101100110100001101100110100011110001101111111011101010011101001001100000111101101111110010010000001011011000001101010110011010101100000110110100000010010011111101
1101111000001100100101110010101110111111101100011110001011001101100001011001101010110011010000110110011010001111000110111111101110101001110100100110000011110110111111001001000000101101100000110101011001101010110000011011010000001001001111110
0110111100000110010010111001010111011111110110001111000101100110110000101100110101011001101000011011001101000111100011011111110111010100111010010011000001111011011111100100100000010110110000011010101100110101011000001101101000000100100111111
1011011110000011001001011100101011101111111011000111100010110011011000010110011010101100110100001101100110100011110001101111111011101010011101001001100000111101101111110010010000001011011000001101010110011010101100000110110100000010010011111
1101101111000001100100101110010101110111111101100011110001011001101100001011001101010110011010000110110011010001111000110111111101110101001110100100110000011110110111111001001000000101101100000110101011001101010110000011011010000001001001111
1110110111100000110010010111001010111011111110110001111000101100110110000101100110101011001101000011011001101000111100011011111110111010100111010010011000001111011011111100100100000010110110000011010101100110101011000001101101000000100100111
1111011011110000011001001011100101011101111111011000111100010110011011000010110011010101100110100001101100110100011110001101111111011101010011101001001100000111101101111110010010000001011011000001101010110011010101100000110110100000010010011
1111101101111000001100100101110010101110111111101100011110001011001101100001011001101010110011010000110110011010001111000110111111101110101001110100100110000011110110111111001001000000101101100000110101011001101010110000011011010000001001001
1111110110111100000110010010111001010111011111110110001111000101100110110000101100110101011001101000011011001101000111100011011111110111010100111010010011000001111011011111100100100000010110110000011010101100110101011000001101101000000100100
0111111011011110000011001001011100101011101111111011000111100010110011011000010110011010101100110100001101100110100011110001101111111011101010011101001001100000111101101111110010010000001011011000001101010110011010101100000110110100000010010
0011111101101111000001100100101110010101110111111101100011110001011001101100001011001101010110011010000110110011010001111000110111111101110101001110100100110000011110110111111001001000000101101100000110101011001101010110000011011010000001001
1001111110110111100000110010010111001010111011111110110001111000101100110110000101100110101011001101000011011001101000111100011011111110111010100111010010011000001111011011111100100100000010110110000011010101100110101011000001101101000000100
0100111111011011110000011001001011100101011101111111011000111100010110011011000010110011010101100110100001101100110100011110001101111111011101010011101001001100000111101101111110010010000001011011000001101010110011010101100000110110100000010
0010011111101101111000001100100101110010101110111111101100011110001011001101100001011001101010110011010000110110011010001111000110111111101110101001110100100110000011110110111111001001000000101101100000110101011001101010110000011011010000001
1001001111110110111100000110010010111001010111011111110110001111000101100110110000101100110101011001101000011011001101000111100011011111110111010100111010010011000001111011011111100100100000010110110000011010101100110101011000001101101000000
0100100111111011011110000011001001011100101011101111111011000111100010110011011000010110011010101100110100001101100110100011110001101111111011101010011101001001100000111101101111110010010000001011011000001101010110011010101100000110110100000
0010010011111101101111000001100100101110010101110111111101100011110001011001101100001011001101010110011010000110110011010001111000110111111101110101001110100100110000011110110111111001001000000101101100000110101011001101010110000011011010000
0001001001111110110111100000110010010111001010111011111110110001111000101100110110000101100110101011001101000011011001101000111100011011111110111010100111010010011000001111011011111100100100000010110110000011010101100110101011000001101101000
0000100100111111011011110000011001001011100101011101111111011000111100010110011011000010110011010101100110100001101100110100011110001101111111011101010011101001001100000111101101111110010010000001011011000001101010110011010101100000110110100
0000010010011111101101111000001100100101110010101110111111101100011110001011001101100001011001101010110011010000110110011010001111000110111111101110101001110100100110000011110110111111001001000000101101100000110101011001101010110000011011010
0000001001001111110110111100000110010010111001010111011111110110001111000101100110110000101100110101011001101000011011001101000111100011011111110111010100111010010011000001111011011111100100100000010110110000011010101100110101011000001101101
1000000100100111111011011110000011001001011100101011101111111011000111100010110011011000010110011010101100110100001101100110100011110001101111111011101010011101001001100000111101101111110010010000001011011000001101010110011010101100000110110
0100000010010011111101101111000001100100101110010101110111111101100011110001011001101100001011001101010110011010000110110011010001111000110111111101110101001110100100110000011110110111111001001000000101101100000110101011001101010110000011011
1010000001001001111110110111100000110010010111001010111011111110110001111000101100110110000101100110101011001101000011011001101000111100011011111110111010100111010010011000001111011011111100100100000010110110000011010101100110101011000001101
1101000000100100111111011011110000011001001011100101011101111111011000111100010110011011000010110011010101100110100001101100110100011110001101111111011101010011101001001100000111101101111110010010000001011011000001101010110011010101100000110
0110100000010010011111101101111000001100100101110010101110111111101100011110001011001101100001011001101010110011010000110110011010001111000110111111101110101001110100100110000011110110111111001001000000101101100000110101011001101010110000011
1011010000001001001111110110111100000110010010111001010111011111110110001111000101100110110000101100110101011001101000011011001101000111100011011111110111010100111010010011000001111011011111100100100000010110110000011010101100110101011000001
1101101000000100100111111011011110000011001001011100101011101111111011000111100010110011011000010110011010101100110100001101100110100011110001101111111011101010011101001001100000111101101111110010010000001011011000001101010110011010101100000
0110110100000010010011111101101111000001100100101110010101110111111101100011110001011001101100001011001101010110011010000110110011010001111000110111111101110101001110100100110000011110110111111001001000000101101100000110101011001101010110000
0011011010000001001001111110110111100000110010010111001010111011111110110001111000101100110110000101100110101011001101000011011001101000111100011011111110111010100111010010011000001111011011111100100100000010110110000011010101100110101011000
0001101101000000100100111111011011110000011001001011100101011101111111011000111100010110011011000010110011010101100110100001101100110100011110001101111111011101010011101001001100000111101101111110010010000001011011000001101010110011010101100
0000110110100000010010011111101101111000001100100101110010101110111111101100011110001011001101100001011001101010110011010000110110011010001111000110111111101110101001110100100110000011110110111111001001000000101101100000110101011001101010110
0000011011010000001001001111110110111100000110010010111001010111011111110110001111000101100110110000101100110101011001101000011011001101000111100011011111110111010100111010010011000001111011011111100100100000010110110000011010101100110101011
1000001101101000000100100111111011011110000011001001011100101011101111111011000111100010110011011000010110011010101100110100001101100110100011110001101111111011101010011101001001100000111101101111110010010000001011011000001101010110011010101
1100000110110100000010010011111101101111000001100100101110010101110111111101100011110001011001101100001011001101010110011010000110110011010001111000110111111101110101001110100100110000011110110111111001001000000101101100000110101011001101010
0110000011011010000001001001111110110111100000110010010111001010111011111110110001111000101100110110000101100110101011001101000011011001101000111100011011111110111010100111010010011000001111011011111100100100000010110110000011010101100110101
1011000001101101000000100100111111011011110000011001001011100101011101111111011000111100010110011011000010110011010101100110100001101100110100011110001101111111011101010011101001001100000111101101111110010010000001011011000001101010110011010
0101100000110110100000010010011111101101111000001100100101110010101110111111101100011110001011001101100001011001101010110011010000110110011010001111000110111111101110101001110100100110000011110110111111001001000000101101100000110101011001101
1010110000011011010000001001001111110110111100000110010010111001010111011111110110001111000101100110110000101100110101011001101000011011001101000111100011011111110111010100111010010011000001111011011111100100100000010110110000011010101100110
0101011000001101101000000100100111111011011110000011001001011100101011101111111011000111100010110011011000010110011010101100110100001101100110100011110001101111111011101010011101001001100000111101101111110010010000001011011000001101010110011
1010101100000110110100000010010011111101101111000001100100101110010101110111111101100011110001011001101100001011001101010110011010000110110011010001111000110111111101110101001110100100110000011110110111111001001000000101101100000110101011001
1101010110000011011010000001001001111110110111100000110010010111001010111011111110110001111000101100110110000101100110101011001101000011011001101000111100011011111110111010100111010010011000001111011011111100100100000010110110000011010101100
0110101011000001101101000000100100111111011011110000011001001011100101011101111111011000111100010110011011000010110011010101100110100001101100110100011110001101111111011101010011101001001100000111101101111110010010000001011011000001101010110
0011010101100000110110100000010010011111101101111000001100100101110010101110111111101100011110001011001101100001011001101010110011010000110110011010001111000110111111101110101001110100100110000011110110111111001001000000101101100000110101011
1001101010110000011011010000001001001111110110111100000110010010111001010111011111110110001111000101100110110000101100110101011001101000011011001101000111100011011111110111010100111010010011000001111011011111100100100000010110110000011010101
1100110101011000001101101000000100100111111011011110000011001001011100101011101111111011000111100010110011011000010110011010101100110100001101100110100011110001101111111011101010011101001001100000111101101111110010010000001011011000001101010
0110011010101100000110110100000010010011111101101111000001100100101110010101110111111101100011110001011001101100001011001101010110011010000110110011010001111000110111111101110101001110100100110000011110110111111001001000000101101100000110101
1011001101010110000011011010000001001001111110110111100000110010010111001010111011111110110001111000101100110110000101100110101011001101000011011001101000111100011011111110111010100111010010011000001111011011111100100100000010110110000011010
0101100110101011000001101101000000100100111111011011110000011001001011100101011101111111011000111100010110011011000010110011010101100110100001101100110100011110001101111111011101010011101001001100000111101101111110010010000001011011000001101
1010110011010101100000110110100000010010011111101101111000001100100101110010101110111111101100011110001011001101100001011001101010110011010000110110011010001111000110111111101110101001110100100110000011110110111111001001000000101101100000110
0101011001101010110000011011010000001001001111110110111100000110010010111001010111011111110110001111000101100110110000101100110101011001101000011011001101000111100011011111110111010100111010010011000001111011011111100100100000010110110000011
1010101100110101011000001101101000000100100111111011011110000011001001011100101011101111111011000111100010110011011000010110011010101100110100001101100110100011110001101111111011101010011101001001100000111101101111110010010000001011011000001
1101010110011010101100000110110100000010010011111101101111000001100100101110010101110111111101100011110001011001101100001011001101010110011010000110110011010001111000110111111101110101001110100100110000011110110111111001001000000101101100000
0110101011001101010110000011011010000001001001111110110111100000110010010111001010111011111110110001111000101100110110000101100110101011001101000011011001101000111100011011111110111010100111010010011000001111011011111100100100000010110110000
0011010101100110101011000001101101000000100100111111011011110000011001001011100101011101111111011000111100010110011011000010110011010101100110100001101100110100011110001101111111011101010011101001001100000111101101111110010010000001011011000
0001101010110011010101100000110110100000010010011111101101111000001100100101110010101110111111101100011110001011001101100001011001101010110011010000110110011010001111000110111111101110101001110100100110000011110110111111001001000000101101100
0000110101011001101010110000011011010000001001001111110110111100000110010010111001010111011111110110001111000101100110110000101100110101011001101000011011001101000111100011011111110111010100111010010011000001111011011111100100100000010110110
0000011010101100110101011000001101101000000100100111111011011110000011001001011100101011101111111011000111100010110011011000010110011010101100110100001101100110100011110001101111111011101010011101001001100000111101101111110010010000001011011
1000001101010110011010101100000110110100000010010011111101101111000001100100101110010101110111111101100011110001011001101100001011001101010110011010000110110011010001111000110111111101110101001110100100110000011110110111111001001000000101101
1100000110101011001101010110000011011010000001001001111110110111100000110010010111001010111011111110110001111000101100110110000101100110101011001101000011011001101000111100011011111110111010100111010010011000001111011011111100100100000010110
0110000011010101100110101011000001101101000000100100111111011011110000011001001011100101011101111111011000111100010110011011000010110011010101100110100001101100110100011110001101111111011101010011101001001100000111101101111110010010000001011
1011000001101010110011010101100000110110100000010010011111101101111000001100100101110010101110111111101100011110001011001101100001011001101010110011010000110110011010001111000110111111101110101001110100100110000011110110111111001001000000101
1101100000110101011001101010110000011011010000001001001111110110111100000110010010111001010111011111110110001111000101100110110000101100110101011001101000011011001101000111100011011111110111010100111010010011000001111011011111100100100000010
0110110000011010101100110101011000001101101000000100100111111011011110000011001001011100101011101111111011000111100010110011011000010110011010101100110100001101100110100011110001101111111011101010011101001001100000111101101111110010010000001
1011011000001101010110011010101100000110110100000010010011111101101111000001100100101110010101110111111101100011110001011001101100001011001101010110011010000110110011010001111000110111111101110101001110100100110000011110110111111001001000000
0101101100000110101011001101010110000011011010000001001001111110110111100000110010010111001010111011111110110001111000101100110110000101100110101011001101000011011001101000111100011011111110111010100111010010011000001111011011111100100100000
0010110110000011010101100110101011000001101101000000100100111111011011110000011001001011100101011101111111011000111100010110011011000010110011010101100110100001101100110100011110001101111111011101010011101001001100000111101101111110010010000
0001011011000001101010110011010101100000110110100000010010011111101101111000001100100101110010101110111111101100011110001011001101100001011001101010110011010000110110011010001111000110111111101110101001110100100110000011110110111111001001000
0000101101100000110101011001101010110000011011010000001001001111110110111100000110010010111001010111011111110110001111000101100110110000101100110101011001101000011011001101000111100011011111110111010100111010010011000001111011011111100100100
0000010110110000011010101100110101011000001101101000000100100111111011011110000011001001011100101011101111111011000111100010110011011000010110011010101100110100001101100110100011110001101111111011101010011101001001100000111101101111110010010
0000001011011000001101010110011010101100000110110100000010010011111101101111000001100100101110010101110111111101100011110001011001101100001011001101010110011010000110110011010001111000110111111101110101001110100100110000011110110111111001001
1000000101101100000110101011001101010110000011011010000001001001111110110111100000110010010111001010111011111110110001111000101100110110000101100110101011001101000011011001101000111100011011111110111010100111010010011000001111011011111100100
0100000010110110000011010101100110101011000001101101000000100100111111011011110000011001001011100101011101111111011000111100010110011011000010110011010101100110100001101100110100011110001101111111011101010011101001001100000111101101111110010
0010000001011011000001101010110011010101100000110110100000010010011111101101111000001100100101110010101110111111101100011110001011001101100001011001101010110011010000110110011010001111000110111111101110101001110100100110000011110110111111001
1001000000101101100000110101011001101010110000011011010000001001001111110110111100000110010010111001010111011111110110001111000101100110110000101100110101011001101000011011001101000111100011011111110111010100111010010011000001111011011111100
0100100000010110110000011010101100110101011000001101101000000100100111111011011110000011001001011100101011101111111011000111100010110011011000010110011010101100110100001101100110100011110001101111111011101010011101001001100000111101101111110
0010010000001011011000001101010110011010101100000110110100000010010011111101101111000001100100101110010101110111111101100011110001011001101100001011001101010110011010000110110011010001111000110111111101110101001110100100110000011110110111111
1001001000000101101100000110101011001101010110000011011010000001001001111110110111100000110010010111001010111011111110110001111000101100110110000101100110101011001101000011011001101000111100011011111110111010100111010010011000001111011011111
1100100100000010110110000011010101100110101011000001101101000000100100111111011011110000011001001011100101011101111111011000111100010110011011000010110011010101100110100001101100110100011110001101111111011101010011101001001100000111101101111
1110010010000001011011000001101010110011010101100000110110100000010010011111101101111000001100100101110010101110111111101100011110001011001101100001011001101010110011010000110110011010001111000110111111101110101001110100100110000011110110111
1111001001000000101101100000110101011001101010110000011011010000001001001111110110111100000110010010111001010111011111110110001111000101100110110000101100110101011001101000011011001101000111100011011111110111010100111010010011000001111011011
1111100100100000010110110000011010101100110101011000001101101000000100100111111011011110000011001001011100101011101111111011000111100010110011011000010110011010101100110100001101100110100011110001101111111011101010011101001001100000111101101
1111110010010000001011011000001101010110011010101100000110110100000010010011111101101111000001100100101110010101110111111101100011110001011001101100001011001101010110011010000110110011010001111000110111111101110101001110100100110000011110110
0111111001001000000101101100000110101011001101010110000011011010000001001001111110110111100000110010010111001010111011111110110001111000101100110110000101100110101011001101000011011001101000111100011011111110111010100111010010011000001111011
1011111100100100000010110110000011010101100110101011000001101101000000100100111111011011110000011001001011100101011101111111011000111100010110011011000010110011010101100110100001101100110100011110001101111111011101010011101001001100000111101
1101111110010010000001011011000001101010110011010101100000110110100000010010011111101101111000001100100101110010101110111111101100011110001011001101100001011001101010110011010000110110011010001111000110111111101110101001110100100110000011110
0110111111001001000000101101100000110101011001101010110000011011010000001001001111110110111100000110010010111001010111011111110110001111000101100110110000101100110101011001101000011011001101000111100011011111110111010100111010010011000001111
1011011111100100100000010110110000011010101100110101011000001101101000000100100111111011011110000011001001011100101011101111111011000111100010110011011000010110011010101100110100001101100110100011110001101111111011101010011101001001100000111
1101101111110010010000001011011000001101010110011010101100000110110100000010010011111101101111000001100100101110010101110111111101100011110001011001101100001011001101010110011010000110110011010001111000110111111101110101001110100100110000011
1110110111111001001000000101101100000110101011001101010110000011011010000001001001111110110111100000110010010111001010111011111110110001111000101100110110000101100110101011001101000011011001101000111100011011111110111010100111010010011000001
1111011011111100100100000010110110000011010101100110101011000001101101000000100100111111011011110000011001001011100101011101111111011000111100010110011011000010110011010101100110100001101100110100011110001101111111011101010011101001001100000
0111101101111110010010000001011011000001101010110011010101100000110110100000010010011111101101111000001100100101110010101110111111101100011110001011001101100001011001101010110011010000110110011010001111000110111111101110101001110100100110000
0011110110111111001001000000101101100000110101011001101010110000011011010000001001001111110110111100000110010010111001010111011111110110001111000101100110110000101100110101011001101000011011001101000111100011011111110111010100111010010011000
0001111011011111100100100000010110110000011010101100110101011000001101101000000100100111111011011110000011001001011100101011101111111011000111100010110011011000010110011010101100110100001101100110100011110001101111111011101010011101001001100
0000111101101111110010010000001011011000001101010110011010101100000110110100000010010011111101101111000001100100101110010101110111111101100011110001011001101100001011001101010110011010000110110011010001111000110111111101110101001110100100110
0000011110110111111001001000000101101100000110101011001101010110000011011010000001001001111110110111100000110010010111001010111011111110110001111000101100110110000101100110101011001101000011011001101000111100011011111110111010100111010010011
1000001111011011111100100100000010110110000011010101100110101011000001101101000000100100111111011011110000011001001011100101011101111111011000111100010110011011000010110011010101100110100001101100110100011110001101111111011101010011101001001
1100000111101101111110010010000001011011000001101010110011010101100000110110100000010010011111101101111000001100100101110010101110111111101100011110001011001101100001011001101010110011010000110110011010001111000110111111101110101001110100100
0110000011110110111111001001000000101101100000110101011001101010110000011011010000001001001111110110111100000110010010111001010111011111110110001111000101100110110000101100110101011001101000011011001101000111100011011111110111010100111010010
0011000001111011011111100100100000010110110000011010101100110101011000001101101000000100100111111011011110000011001001011100101011101111111011000111100010110011011000010110011010101100110100001101100110100011110001101111111011101010011101001
1001100000111101101111110010010000001011011000001101010110011010101100000110110100000010010011111101101111000001100100101110010101110111111101100011110001011001101100001011001101010110011010000110110011010001111000110111111101110101001110100
0100110000011110110111111001001000000101101100000110101011001101010110000011011010000001001001111110110111100000110010010111001010111011111110110001111000101100110110000101100110101011001101000011011001101000111100011011111110111010100111010
0010011000001111011011111100100100000010110110000011010101100110101011000001101101000000100100111111011011110000011001001011100101011101111111011000111100010110011011000010110011010101100110100001101100110100011110001101111111011101010011101
1001001100000111101101111110010010000001011011000001101010110011010101100000110110100000010010011111101101111000001100100101110010101110111111101100011110001011001101100001011001101010110011010000110110011010001111000110111111101110101001110
0100100110000011110110111111001001000000101101100000110101011001101010110000011011010000001001001111110110111100000110010010111001010111011111110110001111000101100110110000101100110101011001101000011011001101000111100011011111110111010100111
1010010011000001111011011111100100100000010110110000011010101100110101011000001101101000000100100111111011011110000011001001011100101011101111111011000111100010110011011000010110011010101100110100001101100110100011110001101111111011101010011
1101001001100000111101101111110010010000001011011000001101010110011010101100000110110100000010010011111101101111000001100100101110010101110111111101100011110001011001101100001011001101010110011010000110110011010001111000110111111101110101001
1110100100110000011110110111111001001000000101101100000110101011001101010110000011011010000001001001111110110111100000110010010111001010111011111110110001111000101100110110000101100110101011001101000011011001101000111100011011111110111010100
0111010010011000001111011011111100100100000010110110000011010101100110101011000001101101000000100100111111011011110000011001001011100101011101111111011000111100010110011011000010110011010101100110100001101100110100011110001101111111011101010
0011101001001100000111101101111110010010000001011011000001101010110011010101100000110110100000010010011111101101111000001100100101110010101110111111101100011110001011001101100001011001101010110011010000110110011010001111000110111111101110101
1001110100100110000011110110111111001001000000101101100000110101011001101010110000011011010000001001001111110110111100000110010010111001010111011111110110001111000101100110110000101100110101011001101000011011001101000111100011011111110111010
0100111010010011000001111011011111100100100000010110110000011010101100110101011000001101101000000100100111111011011110000011001001011100101011101111111011000111100010110011011000010110011010101100110100001101100110100011110001101111111011101
1010011101001001100000111101101111110010010000001011011000001101010110011010101100000110110100000010010011111101101111000001100100101110010101110111111101100011110001011001101100001011001101010110011010000110110011010001111000110111111101110
0101001110100100110000011110110111111001001000000101101100000110101011001101010110000011011010000001001001111110110111100000110010010111001010111011111110110001111000101100110110000101100110101011001101000011011001101000111100011011111110111
1010100111010010011000001111011011111100100100000010110110000011010101100110101011000001101101000000100100111111011011110000011001001011100101011101111111011000111100010110011011000010110011010101100110100001101100110100011110001101111111011
1101010011101001001100000111101101111110010010000001011011000001101010110011010101100000110110100000010010011111101101111000001100100101110010101110111111101100011110001011001101100001011001101010110011010000110110011010001111000110111111101
1110101001110100100110000011110110111111001001000000101101100000110101011001101010110000011011010000001001001111110110111100000110010010111001010111011111110110001111000101100110110000101100110101011001101000011011001101000111100011011111110
0111010100111010010011000001111011011111100100100000010110110000011010101100110101011000001101101000000100100111111011011110000011001001011100101011101111111011000111100010110011011000010110011010101100110100001101100110100011110001101111111
1011101010011101001001100000111101101111110010010000001011011000001101010110011010101100000110110100000010010011111101101111000001100100101110010101110111111101100011110001011001101100001011001101010110011010000110110011010001111000110111111
1101110101001110100100110000011110110111111001001000000101101100000110101011001101010110000011011010000001001001111110110111100000110010010111001010111011111110110001111000101100110110000101100110101011001101000011011001101000111100011011111
1110111010100111010010011000001111011011111100100100000010110110000011010101100110101011000001101101000000100100111111011011110000011001001011100101011101111111011000111100010110011011000010110011010101100110100001101100110100011110001101111
1111011101010011101001001100000111101101111110010010000001011011000001101010110011010101100000110110100000010010011111101101111000001100100101110010101110111111101100011110001011001101100001011001101010110011010000110110011010001111000110111
1111101110101001110100100110000011110110111111001001000000101101100000110101011001101010110000011011010000001001001111110110111100000110010010111001010111011111110110001111000101100110110000101100110101011001101000011011001101000111100011011
1111110111010100111010010011000001111011011111100100100000010110110000011010101100110101011000001101101000000100100111111011011110000011001001011100101011101111111011000111100010110011011000010110011010101100110100001101100110100011110001101
1111111011101010011101001001100000111101101111110010010000001011011000001101010110011010101100000110110100000010010011111101101111000001100100101110010101110111111101100011110001011001101100001011001101010110011010000110110011010001111000110
0111111101110101001110100100110000011110110111111001001000000101101100000110101011001101010110000011011010000001001001111110110111100000110010010111001010111011111110110001111000101100110110000101100110101011001101000011011001101000111100011
1011111110111010100111010010011000001111011011111100100100000010110110000011010101100110101011000001101101000000100100111111011011110000011001001011100101011101111111011000111100010110011011000010110011010101100110100001101100110100011110001
1101111111011101010011101001001100000111101101111110010010000001011011000001101010110011010101100000110110100000010010011111101101111000001100100101110010101110111111101100011110001011001101100001011001101010110011010000110110011010001111000
0110111111101110101001110100100110000011110110111111001001000000101101100000110101011001101010110000011011010000001001001111110110111100000110010010111001010111011111110110001111000101100110110000101100110101011001101000011011001101000111100
0011011111110111010100111010010011000001111011011111100100100000010110110000011010101100110101011000001101101000000100100111111011011110000011001001011100101011101111111011000111100010110011011000010110011010101100110100001101100110100011110
0001101111111011101010011101001001100000111101101111110010010000001011011000001101010110011010101100000110110100000010010011111101101111000001100100101110010101110111111101100011110001011001101100001011001101010110011010000110110011010001111
1000110111111101110101001110100100110000011110110111111001001000000101101100000110101011001101010110000011011010000001001001111110110111100000110010010111001010111011111110110001111000101100110110000101100110101011001101000011011001101000111
1100011011111110111010100111010010011000001111011011111100100100000010110110000011010101100110101011000001101101000000100100111111011011110000011001001011100101011101111111011000111100010110011011000010110011010101100110100001101100110100011
1110001101111111011101010011101001001100000111101101111110010010000001011011000001101010110011010101100000110110100000010010011111101101111000001100100101110010101110111111101100011110001011001101100001011001101010110011010000110110011010001
1111000110111111101110101001110100100110000011110110111111001001000000101101100000110101011001101010110000011011010000001001001111110110111100000110010010111001010111011111110110001111000101100110110000101100110101011001101000011011001101000
0111100011011111110111010100111010010011000001111011011111100100100000010110110000011010101100110101011000001101101000000100100111111011011110000011001001011100101011101111111011000111100010110011011000010110011010101100110100001101100110100
0011110001101111111011101010011101001001100000111101101111110010010000001011011000001101010110011010101100000110110100000010010011111101101111000001100100101110010101110111111101100011110001011001101100001011001101010110011010000110110011010
0001111000110111111101110101001110100100110000011110110111111001001000000101101100000110101011001101010110000011011010000001001001111110110111100000110010010111001010111011111110110001111000101100110110000101100110101011001101000011011001101
1000111100011011111110111010100111010010011000001111011011111100100100000010110110000011010101100110101011000001101101000000100100111111011011110000011001001011100101011101111111011000111100010110011011000010110011010101100110100001101100110
0100011110001101111111011101010011101001001100000111101101111110010010000001011011000001101010110011010101100000110110100000010010011111101101111000001100100101110010101110111111101100011110001011001101100001011001101010110011010000110110011
1010001111000110111111101110101001110100100110000011110110111111001001000000101101100000110101011001101010110000011011010000001001001111110110111100000110010010111001010111011111110110001111000101100110110000101100110101011001101000011011001
1101000111100011011111110111010100111010010011000001111011011111100100100000010110110000011010101100110101011000001101101000000100100111111011011110000011001001011100101011101111111011000111100010110011011000010110011010101100110100001101100
0110100011110001101111111011101010011101001001100000111101101111110010010000001011011000001101010110011010101100000110110100000010010011111101101111000001100100101110010101110111111101100011110001011001101100001011001101010110011010000110110
0011010001111000110111111101110101001110100100110000011110110111111001001000000101101100000110101011001101010110000011011010000001001001111110110111100000110010010111001010111011111110110001111000101100110110000101100110101011001101000011011
1001101000111100011011111110111010100111010010011000001111011011111100100100000010110110000011010101100110101011000001101101000000100100111111011011110000011001001011100101011101111111011000111100010110011011000010110011010101100110100001101
1100110100011110001101111111011101010011101001001100000111101101111110010010000001011011000001101010110011010101100000110110100000010010011111101101111000001100100101110010101110111111101100011110001011001101100001011001101010110011010000110
0110011010001111000110111111101110101001110100100110000011110110111111001001000000101101100000110101011001101010110000011011010000001001001111110110111100000110010010111001010111011111110110001111000101100110110000101100110101011001101000011
1011001101000111100011011111110111010100111010010011000001111011011111100100100000010110110000011010101100110101011000001101101000000100100111111011011110000011001001011100101011101111111011000111100010110011011000010110011010101100110100001
1101100110100011110001101111111011101010011101001001100000111101101111110010010000001011011000001101010110011010101100000110110100000010010011111101101111000001100100101110010101110111111101100011110001011001101100001011001101010110011010000
0110110011010001111000110111111101110101001110100100110000011110110111111001001000000101101100000110101011001101010110000011011010000001001001111110110111100000110010010111001010111011111110110001111000101100110110000101100110101011001101000
0011011001101000111100011011111110111010100111010010011000001111011011111100100100000010110110000011010101100110101011000001101101000000100100111111011011110000011001001011100101011101111111011000111100010110011011000010110011010101100110100
0001101100110100011110001101111111011101010011101001001100000111101101111110010010000001011011000001101010110011010101100000110110100000010010011111101101111000001100100101110010101110111111101100011110001011001101100001011001101010110011010
0000110110011010001111000110111111101110101001110100100110000011110110111111001001000000101101100000110101011001101010110000011011010000001001001111110110111100000110010010111001010111011111110110001111000101100110110000101100110101011001101
1000011011001101000111100011011111110111010100111010010011000001111011011111100100100000010110110000011010101100110101011000001101101000000100100111111011011110000011001001011100101011101111111011000111100010110011011000010110011010101100110
0100001101100110100011110001101111111011101010011101001001100000111101101111110010010000001011011000001101010110011010101100000110110100000010010011111101101111000001100100101110010101110111111101100011110001011001101100001011001101010110011
1010000110110011010001111000110111111101110101001110100100110000011110110111111001001000000101101100000110101011001101010110000011011010000001001001111110110111100000110010010111001010111011111110110001111000101100110110000101100110101011001
1101000011011001101000111100011011111110111010100111010010011000001111011011111100100100000010110110000011010101100110101011000001101101000000100100111111011011110000011001001011100101011101111111011000111100010110011011000010110011010101100
0110100001101100110100011110001101111111011101010011101001001100000111101101111110010010000001011011000001101010110011010101100000110110100000010010011111101101111000001100100101110010101110111111101100011110001011001101100001011001101010110
0011010000110110011010001111000110111111101110101001110100100110000011110110111111001001000000101101100000110101011001101010110000011011010000001001001111110110111100000110010010111001010111011111110110001111000101100110110000101100110101011
1001101000011011001101000111100011011111110111010100111010010011000001111011011111100100100000010110110000011010101100110101011000001101101000000100100111111011011110000011001001011100101011101111111011000111100010110011011000010110011010101
1100110100001101100110100011110001101111111011101010011101001001100000111101101111110010010000001011011000001101010110011010101100000110110100000010010011111101101111000001100100101110010101110111111101100011110001011001101100001011001101010
0110011010000110110011010001111000110111111101110101001110100100110000011110110111111001001000000101101100000110101011001101010110000011011010000001001001111110110111100000110010010111001010111011111110110001111000101100110110000101100110101
1011001101000011011001101000111100011011111110111010100111010010011000001111011011111100100100000010110110000011010101100110101011000001101101000000100100111111011011110000011001001011100101011101111111011000111100010110011011000010110011010
