1122010122212121210221212221212201212221012022210222212221210222202202222022022222222022220222222221201201221221020022222222220020122122102102022222222022220222222220220222202202222012122212222012220210122202102212122212122012121212220010221
1112201012221212121022021222121220120222101202221022221222121022221220222202202222222202222022222222020020122122102002222222222002012212210210212222222202222022222222022022220220222201212221222201222021012221210221212221212201212121222001022
2110220101222121212102212122212122012122210120222102222122212102222022022220220222222220222202222222212012012212210200222222222201201221221020020222222220222202222222202202222022022220121222122220122202101222021022121222120220121212122210102
2201122010022212121210221212221212201202221012022210222212220210222202202222022022222222022220222222220201201221221021022222222220020122122102102122222222022220222222220220222202212222002122212222012220210122202102212122212022012121212221010
0221112201002221212121022121222121220121222101202221022221222121022220220222202202222222202222022222222120120122122102002222222222002012212210210212222222202222022222222022022220220222201212221222201222021012221210221212221212201212121222001
1022111220101222121212102212122212122012122210120222102222122212102222022022220220222222220222202222222212012012212210200222222222200201221221020020222222220222202222222202202222022122220121222122220122202101222121022121222120220121212122200
0102211122010022212121210221202221212201202221012022210222212221210222202202222022022222222022220222222221201201221221020022222222220120122122102102022222222022220222222220220222202212222012022212222012220210122202102212122212022012121212221
1010221112201002221212121022121222121220121222101202221022221222121022221220222202202222222202222022222222120120122122102002222222222002012212210210202222222202222022222222022022220220222201202221222201222021012221210221212221212201212121222
2101022111220100222121212102212122212122012122210120222102222122202102222022022220220222222220222202222222212012012212210200222222222200201221221021021222222220222202222222202202222022122220120222122220122202101222121022121222121220121212122
2210102211122010022212121210220212221212201212221012022210222212221210222202202222022022222222022220222222221201201221221020022222222220120122122102102022222222022220222222220220222202212222012122212222012220210122202102212122212022012121212
2220010221112201002221212121022121222121220120222101202221022221222121022220220222202202222222202222022222222120120122122102002222222222002012212210210212222222202222022222222022022220220222201202221222201222021012220210221212221202201212121
1222001022111220100222121212102212122212122012122210120222102222122212102222122022220220222222220222202222222212012012212210200222222222200201221221021021222222220222202222222202202222022022220121222122220122202101222021022121222121220121212
2122210102211122010022212121210221212221212201202221012022210222212220210222202202222022022222222022220222222221201201221221020022222222220020122122102102122222222022220222222220220222202202222012122212222012220210122202102212122212122012121
1212220010221112201002221212121022021222121220120222101202221022221222121022220220222202202222222202222022222222120020122122102002222222222002012212210210212222222202222022222222022022220221222201212221222201222021012221210221212221212201212
2121222001022111220101222121212102212122212122012122210120222102222122212102222122022220220222222220222202222222202012012212210210222222222200201221221021021222222220222202222222202202222022022220121222122220122202101222021022121222021220121
1212122200102211122010022212121210221212221212201212221012022210222212221210222212202222022022222222022220222222221201201221221020022222222220020122122102002122222222022220222222220220222202202222012122212222012220210122202102212122212122012
2121212220010221112201012221212121022021222121220121222101202221022221222121022220220222202202222222202222022222222120120122122102002222222222002012212210200212222222202222022222222022022220220222201212221222201222021012221210221212221202201
1212121222001022111220101222121212102212122212122012122210120222102222122212102222022022220220222222220222202222222212012012212210200222222222200201221221021021222222220222202222222202202222022122220120222122220122202101222121022121222120220
0121212122200102211122010022212121210220212221212201212221012022210222212220210222212202222022022222222022220222222220200201221221021022222222220020122122102102122222222022220222222220220222202202222012122212222012220210122212102212122212022
2012121212220010221112201002221212121022121222121220121222101202221022221222021022220220222202202222222202222022222222120020122122102002222222222002012212210200212222222202222022222222022022220221222201212221222201222021012221210221212221202
2201212121222001022111220101222121212102212122212122012122210120222102222122212002222122022220220222222220222202222222212012012212210200222222222201201221221020020222222220222202222222202202222022022220121222122220122202101222121022121222120
1220121212122210102211122010022212121210220212221212201212221012022210222212221210222212202222022022222222022220222222221201201221221020022222222220020122122102102122222222022220222222220220222202202222012122212222012220210122212102212122212
2022012121212220010221112201002221212121022121222121220121222101202221022221222121022220220222202202222222202222022222222120120122122102002222222222012012212210210202222222202222022222222022022220221222201212221222201222021012221210221212221
1212201212121222101022111220101222121212102212122212022012122210120222102222122212102222022022220220222222220222202222222202012012212210210222222222200201221221021021222222220222202222222202202222022122220121222122220122202101222021022121222
2121220121212122210102211122010122212121210221212221212201212221012022210222212221210222212202222022022222222022220222222221201201221221020022222222220120122122102102022222222022220222222220220222202202222012122212222012220210122212102212122
2212122012121212220010221112201012221212121022021222121220120222101202221022221222121022220220222202202222222202222022222222120120122122102002222222222002012212210210212222222202222022222222022022220221222201202221222201222021012221210221212
2221212201212121222001022111220100222121212102202122212122012122210120222102222122212102222022022220220222222220222202222222212012012212210200222222222200201221221021021222222220222202222222202202222022022220121222122220122202101222121022121
1222121220121212122210102211122010122212121210221212221212201212221012022210222212220210222202202222022022222222022220222222221201201221221020022222222220020122122102102122222222022220222222220220222202202222012022212222012220210122212102212
2122212122012121212220010221112201002221212121022021222121220120222101202221022221222021022220220222202202222222202222022222222120120122122102002222222222002012212210210212222222202222022222222022022220221222201212221222201222021012220210221
1212220212201212121222001022111220101222121212102202122212122012122210120222102222122212102222022022220220222222220222202222222202012012212210210222222222200201221221021021222222220222202222222202202222022122220121222122220122202101222121022
2121222120220121212122210102211122010122212121210220212221212201212221012022210222212221210222202202222022022222222022220222222221201201221221020022222222220020122122102102122222222022220222222220220222202202222012022212222012220210122212102
2212122212122012121212221010221112201012221212121022121222121220121222101202221022221222121022221220222202202222222202222022222222120120122122102002222222222002012212210210212222222202222022222222022022220220222201212221222201222021012221210
0221212221212201212121222101022111220100222121212102202122212122012122210120222102222122212102222122022220220222222220222202222222202012012212210210222222222200201221221021021222222220222202222222202202222022022220121222122220122202101222021
1022121222121220121212122200102211122010022212121210220212221212201212221012022210222212221210222202202222022022222222022220222222220201201221221020022222222220020122122102102122222222022220222222220220222202202222012122212222012220210122212
2102212122212022012121212221010221112201012221212121022021222121220121222101202221022221222021022220220222202202222222202222022222222120120122122102002222222222002012212210210212222222202222022222222022022220220222201212221222201222021012221
1210221212221212201212121222001022111220100222121212102202022212122012122210120222102222122212102222022022220220222222220222202222222212012012212210200222222222201201221221021020222222220222202222222202202222022122220120222122220122202101222
2021022121222121220121212122210102211122010122212121210221212221212201212221012022210222212221210222212202222022022222222022220222222221201201221221020022222222220020122122102002122222222022220222222220220222202202222012022212222012220210122
2212102212122212022012121212221010221112201002221212121022121222121220121222101202221022221222121022221220222202202222222202222022222222120120122122102002222222222012012212210210202222222202222022222222022022220220222201202221222201222021012
2220210221212221212201212121222101022111220100222121212102202122212122012022210120222102222122202102222022022220220222222220222202222222202012012212210210222222222200201221221021021222222220222202222222202202222022022220121222122220122202101
1222121022121222120220121212122200102211122010022212121210220212221212201212221012022210222212221210222202202222022022222222022220222222221200201221221020022222222220020122122102102122222222022220222222220220222202202222012122212222012220210
0122212102212122212122012121212220010221112201002221212121022121222121220121222101202221022221222121022220220222202202222222202222022222222120120122122102002222222222002012212210200212222222202222022222222022022220220222201212221222201222021
1012220210221212221212201212121222101022111220101222121212102202122212122012122210120222102222122212102222022022220220222222220222202222222212012012212210200222222222200201221221021020222222220222202222222202202222022022220120222122220122202
2101222121022121222120220121212122200102211122010022212121210220212221212201212221012022210222212221210222202202222022022222222022220222222221201201221221020022222222220020122122102102122222222022220222222220220222202212222012022212222012220
0210122212102212122212122012121212221010221112201012221212121022021222121220120222101202221022221222021022220220222202202222222202222022222222120120122122102002222222222002012212210210212222222202222022222222022022220221222201212221222201222
2021012221210221212221212201212121222001022111220100222121212102212122212122012122210120222102222122212102222022022220220222222220222202222222202002012212210200222222222200201221221021021222222220222202222222202202222022122220121222122220122
2202101222021022121222121220121212122200102211122010122212121210221212221212201212221012022210222212221210222202202222022022222222022220222222221201201221221020022222222220020122122102002122222222022220222222220220222202212222012122212222012
2220210122212102212122212022012121212220010221112201002221212121022021222121220121222101202221022221222121022220220222202202222222202222022222222020120122122102002222222222002012212210210212222222202222022222222022022220220222201212221222201
1222021012220210221212221202201212121222001022111220101222121212102212122212122012022210120222102222122212102222122022220220222222220222202222222202012012212210210222222222200201221221021021222222220222202222222202202222022022220121222122220
0122202101222021022121222121220121212122210102211122010122212121210221212221212201212221012022210222212221210222202202222022022222222022220222222221201201221221020022222222220020122122102102122222222022220222222220220222202212222012122212222
2012220210122212102212122212022012121212220010221112201002221212121022121222121220121222101202221022221222021022220220222202202222222202222022222222120120122122102002222222222002012212210200212222222202222022222222022022220220222201212221222
2201222021012221210221212221202201212121222101022111220100222121212102212122212122012122210120222102222122212102222022022220220222222220222202222222212012012212210200222222222200201221221021020222222220222202222222202202222022022220121222122
2220122202101222121022121222120220121212122200102211122010122212121210221212221212201212221012022210222212220210222212202222022022222222022220222222220200201221221021022222222220020122122102102122222222022220222222220220222202202222012122212
2222012220210122212102202122212122012121212221010221112201012221212121022021222121220120222101202221022221222121022221220222202202222222202222022222222120120122122102002222222222012012212210210202222222202222022222222022022220220222201202221
1222201222021012221210221212221202201212121222001022111220101222121212102202122212122012022210120222102222122212102222022022220220222222220222202222222202012012212210210222222222200201221221021021222222220222202222222202202222022022220121222
2122220122202101222121022121222120220121212122210102211122010122212121210220212221212201212221012022210222212221210222202202222022022222222022220222222221201201221221020022222222220020122122102102022222222022220222222220220222202202222012122
2212222012220210122212102212122212022012121212221010221112201012221212121022021222121220121222101202221022221222021022221220222202202222222202222022222222120120122122102002222222222002012212210200212222222202222022222222022022220220222201212
2221222201222021012221210221212221202201212121222001022111220100222121212102212022212122012022210120222102222122212102222122022220220222222220222202222222212012012212210200222222222201201221221021020222222220222202222222202202222022022220121
1222122220122202101222121022121222121220121212122200102211122010122212121210220212221212201212221012022210222212221210222202202222022022222222022220222222220200201221221021022222222220020122122102102122222222022220222222220220222202202222012
2122212222012220210122212102212122202122012121212221010221112201012221212121022121222121220121222101202221022221222021022220220222202202222222202222022222222020120122122102102222222222002012212210210212222222202222022222222022022220220222201
1212221222201222021012221210221212221202201212121222101022111220100222121212102212122212122012122210120222102222122212102222122022220220222222220222202222222212012012212210200222222222200201221221020020222222220222202222222202202222022022220
0120222122220122202101222021022121222120220121212122210102211122010122212121210221212221212201202221012022210222212221210222202202222022022222222022220222222221201201221221020022222222220020122122102102122222222022220222222220220222202202222
2012122212222012220210122212102212122212122012121212221010221112201012221212121022021222121220120222101202221022221222121022220220222202202222222202222022222222120120122122102002222222222002012212210210202222222202222022222222022022220220222
2201212221222201222021012221210221212221202201212121222101022111220100222121212102212122212122012022210120222102222122202102222022022220220222222220222202222222202012012212210210222222222200201221221021021222222220222202222222202202222022122
2220121222122220122202101222021022121222120220121212122200102211122010022212121210221212221212201212221012022210222212220210222212202222022022222222022220222222221201201221221020022222222220020122122102002122222222022220222222220220222202202
2222012122212222012220210122212102212122212022012121212221010221112201002221212121022121222121220121222101202221022221222021022221220222202202222222202222022222222020120122122102102222222222002012212210210212222222202222022222222022022220220
0222201202221222201222021012221210221212221212201212121222101022111220101222121212102212122212122012122210120222102222122212102222022022220220222222220222202222222212012012212210200222222222201201221221021020222222220222202222222202202222022
2122220121222122220122202101222121022121222121220121212122200102211122010022212121210221212221212201212221012022210222212221210222202202222022022222222022220222222220200201221221021022222222220020122122102102122222222022220222222220220222202
2202222012122212222012220210122212102212122212022012121212221010221112201012221212121022121222121220120222101202221022221222121022220220222202202222222202222022222222120120122122102002222222222012012212210210202222222202222022222222022022220
0220222201212221222201222021012221210221212221212201212121222101022111220101222121212102212122212122012122210120222102222122202102222122022220220222222220222202222222202002012212210210222222222200201221221021021222222220222202222222202202222
2022022220120222122220122202101222121022121222121220121212122200102211122010022212121210220212221212201212221012022210222212221210222202202222022022222222022220222222221201201221221020022222222220120122122102102022222222022220222222220220222
2202202222012122212222012220210122212102212122212122012121212220010221112201012221212121022121222121220121222101202221022221222021022220220222202202222222202222022222222120120122122102002222222222002012212210210212222222202222022222222022022
2220220222201212221222201222021012221210221212221212201212121222001022111220100222121212102212122212122012122210120222102222122202102222122022220220222222220222202222222202012012212210210222222222200201221221021021222222220222202222222202202
2222022122220121222122220122202101222121022121222121220121212122210102211122010122212121210221212221212201212221012022210222212221210222202202222022022222222022220222222220201201221221021022222222220020122122102102122222222022220222222220220
0222202202222012122212222012220210122202102212122212022012121212220010221112201002221212121022021222121220121222101202221022221222121022220220222202202222222202222022222222020120122122102002222222222002012212210210212222222202222022222222022
2022220220222201212221222201222021012221210221212221202201212121222101022111220101222121212102212122212122012122210120222102222122212002222122022220220222222220222202222222212012012212210200222222222201201221221021020222222220222202222222202
2202222022022220120222122220122202101222121022121222120220121212122210102211122010022212121210221212221212201212221012022210222212221210222202202222022022222222022220222222221201201221221020022222222220020122122102102122222222022220222222220
0220222202212222012022212222012220210122212102212122212022012121212220010221112201002221212121022021222121220121222101202221022221222121022220220222202202222222202222022222222120120122122102002222222222002012212210210202222222202222022222222
2022022220220222201212221222201222021012221210221212221212201212121222101022111220100222121212102212122212122012122210120222102222122212102222122022220220222222220222202222222202012012212210200222222222200201221221021021222222220222202222222
2202202222022022220121222122220122202101222021022121222120220121212122200102211122010122212121210220212221212201202221012022210222212221210222202202222022022222222022220222222221201201221221020022222222220020122122102102022222222022220222222
2220220222202212222002122212222012220210122212102212122202122012121212221010221112201012221212121022121222121220120222101202221022221222121022220220222202202222222202222022222222020020122122102102222222222002012212210210212222222202222022222
2222022022220221222201212221222201222021012221210221212221212201212121222001022111220101222121212102212122212122012022210120222102222122202102222022022220220222222220222202222222212002012212210200222222222200201221221021021222222220222202222
2222202202222022022220121222122220122202101222121022121222121220121212122210102211122010122212121210221212221212201212221012022210222212221210222202202222022022222222022220222222220201201221221020022222222220020122122102102122222222022220222
2222220220222202202222012122212222012220210122202102212122212022012121212220010221112201012221212121022121222121220120222101202221022221222121022221220222202202222222202222022222222120120122122102002222222222002012212210210202222222202222022
2222222022022220221222201212221222201222021012221210221212221212201212121222001022111220101222121212102202122212122012022210120222102222122212102222022022220220222222220222202222222202002012212210200222222222200201221221021021222222220222202
2222222202202222022022220120222122220122202101222121022121222121220121212122200102211122010022212121210221212221212201202221012022210222212221210222202202222022022222222022220222222221201201221221020022222222220120122122102102022222222022220
0222222220220222202212222012022212222012220210122212102212122212122012121212221010221112201012221212121022021222121220121222101202221022221222121022220220222202202222222202222022222222120120122122102002222222222002012212210210202222222202222
2022222222022022220221222201212221222201222021012221210221212221212201212121222101022111220100222121212102202122212122012022210120222102222122202102222022022220220222222220222202222222202012012212210200222222222200201221221021021222222220222
2202222222202202222022022220121222122220122202101222021022121222121220121212122210102211122010022212121210221212221212201202221012022210222212221210222202202222022022222222022220222222220201201221221020022222222220020122122102102122222222022
2220222222220220222202202222012122212222012220210122202102212122212122012121212221010221112201002221212121022121222121220121222101202221022221222021022220220222202202222222202222022222222120120122122102002222222222002012212210210212222222202
2222022222222022022220221222201212221222201222021012221210221212221212201212121222101022111220101222121212102202122212122012122210120222102222122202102222022022220220222222220222202222222212012012212210200222222222200201221221021021222222220
0222202222222202202222022022220121222122220122202101222121022121222120220121212122210102211122010022212121210220212221212201212221012022210222212221210222212202222022022222222022220222222220201201221221021022222222220020122122102102122222222
2022220222222220220222202202222012022212222012220210122202102212122212122012121212220010221112201002221212121022021222121220121222101202221022221222121022221220222202202222222202222022222222120120122122102002222222222002012212210200212222222
2202222022222222022022220220222201212221222201222021012221210221212221212201212121222101022111220101222121212102202122212122012122210120222102222122212102222022022220220222222220222202222222212012012212210200222222222200201221221020020222222
2220222202222222202202222022022220121222122220122202101222121022121222121220121212122200102211122010122212121210220212221212201202221012022210222212221210222202202222022022222222022220222222221200201221221020022222222220020122122102102122222
2222022220222222220220222202202222012122212222012220210122212102212122212022012121212220010221112201012221212121022021222121220121222101202221022221222121022221220222202202222222202222022222222020120122122102102222222222002012212210210212222
2222202222022222222022022220220222201202221222201222021012220210221212221212201212121222001022111220100222121212102202122212122012122210120222102222122202102222122022220220222222220222202222222212012012212210200222222222200201221221021021222
2222220222202222222202202222022122220121222122220122202101222021022121222121220121212122210102211122010122212121210221212221212201202221012022210222212220210222202202222022022222222022220222222220201201221221021022222222220020122122102102122
2222222022220222222220220222202212222012122212222012220210122202102212122212022012121212220010221112201012221212121022021222121220121222101202221022221222121022220220222202202222222202222022222222120120122122102002222222222002012212210200212
2222222202222022222222022022220220222201212221222201222021012221210221212221212201212121222001022111220101222121212102212122212122012122210120222102222122202102222022022220220222222220222202222222212012012212210200222222222200201221221021021
1222222220222202222222202202222022022220121222122220122202101222121022121222120220121212122210102211122010022212121210221212221212201202221012022210222212221210222202202222022022222222022220222222221201201221221020022222222220020122122102102
2022222222022220222222220220222202202222012022212222012220210122212102212122212122012121212221010221112201002221212121022021222121220121222101202221022221222121022220220222202202222222202222022222222120120122122102002222222222012012212210210
0212222222202222022222222022022220221222201212221222201222021012221210221212221212201212121222101022111220101222121212102202122212122012022210120222102222122212102222022022220220222222220222202222222212012012212210200222222222200201221221021
1020222222220222202222222202202222022122220121222122220122202101222021022121222121220121212122200102211122010122212121210221212221212201212221012022210222212221210222202202222022022222222022220222222221201201221221020022222222220020122122102
2002122222222022220222222220220222202202222012122212222012220210122212102212122212122012121212221010221112201012221212121022121222121220121222101202221022221222021022220220222202202222222202222022222222120020122122102002222222222002012212210
0210212222222202222022222222022022220220222201212221222201222021012221210221212221202201212121222101022111220101222121212102202122212122012022210120222102222122202102222022022220220222222220222202222222212012012212210200222222222200201221221
1021021222222220222202222222202202222022022220121222122220122202101222121022121222121220121212122210102211122010022212121210220212221212201202221012022210222212221210222212202222022022222222022220222222220201201221221020022222222220020122122
2102102122222222022220222222220220222202202222012022212222012220210122212102212122212022012121212220010221112201002221212121022121222121220121222101202221022221222121022220220222202202222222202222022222222120120122122102002222222222002012212
2210210212222222202222022222222022022220220222201212221222201222021012221210221212221202201212121222001022111220100222121212102212122212122012122210120222102222122212102222122022220220222222220222202222222202012012212210200222222222200201221
1221021021222222220222202222222202202222022022220120222122220122202101222121022121222121220121212122210102211122010122212121210221212221212201202221012022210222212220210222202202222022022222222022220222222221201201221221020022222222220020122
2122102102122222222022220222222220220222202202222012122212222012220210122212102212122212122012121212221010221112201002221212121022121222121220121222101202221022221222121022220220222202202222222202222022222222020120122122102002222222222002012
2212210210212222222202222022222222022022220220222201212221222201222021012221210221212221202201212121222101022111220100222121212102212122212122012122210120222102222122202102222022022220220222222220222202222222212012012212210200222222222200201
1221221021021222222220222202222222202202222022022220121222122220122202101222121022121222120220121212122210102211122010122212121210221212221212201212221012022210222212221210222212202222022022222222022220222222220200201221221020022222222220020
0122122102102122222222022220222222220220222202212222012022212222012220210122212102212122212022012121212220010221112201002221212121022021222121220121222101202221022221222121022220220222202202222222202222022222222120020122122102002222222222002
2012212210210202222222202222022222222022022220220222201212221222201222021012220210221212221202201212121222001022111220101222121212102212122212122012122210120222102222122212102222022022220220222222220222202222222212012012212210200222222222200
0201221221021021222222220222202222222202202222022022220121222122220122202101222021022121222120220121212122200102211122010122212121210221212221212201212221012022210222212220210222202202222022022222222022220222222220201201221221020022222222220
0020122122102002122222222022220222222220220222202202222012022212222012220210122202102212122212022012121212221010221112201002221212121022121222121220121222101202221022221222121022220220222202202222222202222022222222120120122122102002222222222
2002012212210210212222222202222022222222022022220221222201212221222201222021012221210221212221202201212121222001022111220101222121212102202122212122012022210120222102222122212102222022022220220222222220222202222222202012012212210200222222222
2201201221221021020222222220222202222222202202222022122220121222122220122202101222021022121222121220121212122200102211122010022212121210221212221212201212221012022210222212221210222202202222022022222222022220222222221201201221221020022222222
2220020122122102102122222222022220222222220220222202202222012122212222012220210122202102212122212022012121212221010221112201012221212121022121222121220121222101202221022221222121022221220222202202222222202222022222222020120122122102102222222
2222002012212210210212222222202222022222222022022220220222201202221222201222021012220210221212221212201212121222001022111220101222121212102202122212122012122210120222102222122202102222022022220220222222220222202222222212012012212210200222222
2222200201221221020021222222220222202222222202202222022122220120222122220122202101222121022121222121220121212122210102211122010022212121210221212221212201212221012022210222212221210222202202222022022222222022220222222221201201221221020022222
2222220020122122102002122222222022220222222220220222202212222012022212222012220210122202102212122212022012121212221010221112201002221212121022021222121220121222101202221022221222121022220220222202202222222202222022222222120120122122102002222
2222222002012212210210202222222202222022222222022022220220222201212221222201222021012220210221212221202201212121222001022111220100222121212102212122212122012022210120222102222122212102222022022220220222222220222202222222212012012212210200222
2222222200201221221021021222222220222202222222202202222022022220121222122220122202101222121022121222121220121212122210102211122010022212121210220212221202201212221012022210222212220210222212202222022022222222022220222222220201201221221021022
2222222220020122122102102122222222022220222222220220222202212222012122212222012220210122212102212122212122012121212220010221112201002221212121022121222121220121222101202221022221222121022220220222202202222222202222022222222020120122122102002
2222222222002012212210210212222222202222022222222022022220220222201202221222201222021012221210221212221202201212121222101022111220101222121212102202122212122012122210120222102222122202102222022022220220222222220222202222222212012012212210200
0222222222200201221221021021222222220222202222222202202222022022220121222122220122202101222121022121222120220121212122210102211122010122212121210221212221212201212221012022210222212221210222202202222022022222222022220222222221200201221221020
0022222222220020122122102102122222222022220222222220220222202202222012022212222012220210122212102212122212122012121212220010221112201002221212121022121222121220121222101202221022221222121022220220222202202222222202222022222222120120122122102
2002222222222012012212210210202222222202222022222222022022220221222201202221222201222021012220210221212221212201212121222001022111220101222121212102202022212122012122210120222102222122212102222022022220220222222220222202222222212012012212210
0210222222222200201221221021021222222220222202222222202202222022122220121222122220122202101222121022121222121220121212122200102211122010022212121210221212221212201212221012022210222212220210222202202222022022222222022220222222220200201221221
1020022222222220020122122102102122222222022220222222220220222202202222012122212222012220210122212102212122212122012121212220010221112201012221212121022121222121220121222101202221022221222021022220220222202202222222202222022222222020020122122
2102002222222222002012212210210202222222202222022222222022022220220222201212221222201222021012220210221212221212201212121222001022111220100222121212102212122212122012022210120222102222122212102222122022220220222222220222202222222212012012212
2210200222222222201201221221021020222222220222202222222202202222022022220121222122220122202101222121022121222121220121212122210102211122010122212121210220212221212201212221012022210222212221210222202202222022022222222022220222222221201201221
1221021022222222220020122122102102122222222022220222222220220222202212222002122212222012220210122212102212122212022012121212221010221112201002221212121022021222121220121222101202221022221222121022220220222202202222222202222022222222020120122
2122102002222222222002012212210210212222222202222022222222022022220220222201212221222201222021012220210221212221212201212121222001022111220100222121212102212122212122012122210120222102222122212102222022022220220222222220222202222222202012012
2212210200222222222200201221221021021222222220222202222222202202222022022220121222122220122202101222121022121222121220121212122210102211122010022212121210220212221212201202221012022210222212221210222212202222022022222222022220222222221200201
1221221021022222222220020122122102102122222222022220222222220220222202212222012122212222012220210122202102212122212122012121212220010221112201012221212121022121222120220121222101202221022221222021022220220222202202222222202222022222222020120
0122122102002222222222012012212210210202222222202222022222222022022220220222201202221222201222021012221210221212221202201212121222101022111220100222121212102202122212122012022210120222102222122212002222122022220220222222220222202222222212012
2012212210200222222222200201221221021021222222220222202222222202202222022022220121222122220122202101222121022121222121220121212122200102211122010022212121210220212221212201212221012022210222212221210222212202222022022222222022220222222220200
1201221221020022222222220020122122102102122222222022220222222220220222202212222012122212222012220210122202102212122212122012121212221010221112201002221212121022121222121220121222101202221022221222121022220220222202202222222202222022222222120
0120122122102002222222222002012212210210212222222202222022222222022022220220222201212221222201222021012220210221212221202201212121222001022111220100222121212102202122212122012122210120222102222122202102222022022220220222222220222202222222202
2002012212210200222222222200201221221020021222222220222202222222202202222022022220121222122220122202101222121022121222121220121212122200102211122010022212121210220212221212201212221012022210222212221210222202202222022022222222022220222222221
0201201221221020022222222220020122122102102122222222022220222222220220222202212222012122212222012220210122212102212122212022012121212220010221112201012221212121022121222121220121222101202221022221222121022220220222202202222222202222022222222
2120120122122102002222222222012012212210210202222222202222022222222022022220220222201202221222201222021012220210221212221212201212121222101022111220101222121212102202122212122012122210120222102222122212102222022022220220222222220222202222222
2202002012212210200222222222200201221221021021222222220222202222222202202222022022220121222122220122202101222121022121222120220121212122200102211122010022212121210221212221212201212221012022210222212221210222212202222022022222222022220222222
2221201201221221020022222222220020122122102102022222222022220222222220220222202202222012022212222012220210122212102212122212122012121212220010221112201012221212121022121222121220121222101202221022221222121022220220222202202222222202222022222
2222120120122122102002222222222012012212210200202222222202222022222222022022220220222201202221222201222021012221210221212221202201212121222001022111220101222121212102202122212122012122210120222102222122212102222022022220220222222220222202222
2222202012012212210210222222222200201221221021021222222220222202222222202202222022122220121222122220122202101222121022121222121220121212122200102211122010122212121210220212221202201212221012022210222212220210222202202222022022222222022220222
2222220201201221221020022222222220020122122102102122222222022220222222220220222202202222012122212222012220210122212102212122212122012121212220010221112201012221212121022021222121220120222101202221022221222021022220220222202202222222202222022
2222222020120122122102102222222222002012212210210212222222202222022222222022022220220222201212221222201222021012221210221212221202201212121222101022111220100222121212102212122212022012122210120222102222122202102222022022220220222222220222202
2222222212012012212210200222222222200201221221021020222222220222202222222202202222022022220121222122220122202101222121022121222121220121212122210102211122010022212121210221212221212201212221012022210222212221210222202202222022022222222022220
0222222220201201221221021022222222220020122122102102122222222022220222222220220222202202222012122212222012220210122202102212122202122012121212220010221112201012221212121022121222120220121222101202221022221222021022221220222202202222222202222
2022222222120120122122102002222222222012012212210210202222222202222022222222022022220220222201202221222201222021012221210220212221212201212121222101022111220101222121212102202122212122012122210120222102222122212102222022022220220222222220222
2202222222212012012212210200222222222200201221221020021222222220222202222222202202222022022220120222122220122202101222121022121222120220121212122210102211122010022212121210220212221212201212221012022210222212220210222202202222022022222222022
2220222222221200201221221020022222222220020122122102102122222222022220222222220220222202202222012122212222012220210122212102212122212022012121212221010221112201002221212121022121222121220121222101202221022221222121022220220222202202222222202
2222022222222120020122122102002222222222002012212210210212222222202222022222222022022220221222201202221222201222021012221210221212221212201212121222101022111220101222121212102212122212122012022210120222102222122212102222022022220220222222220
0222202222222212012012212210200222222222200201221221021020222222220222202222222202202222022122220121222122220122202101222121022121222120220121212122200102211122010022212121210220212221212201212221012022210222212221210222202202222022022222222
2022220222222221201201221221020022222222220020122122102102022222222022220222222220220222202202222012122212222012220210122202102212122212122012121212220010221112201012221212121022021222121220120222101202221022221222121022220220222202202222222
2202222022222222120020122122102002222222222002012212210210212222222202222022222222022022220220222201212221222201222021012221210221212221202201212121222101022111220101222121212102202122212122012122210120222102222122202102222022022220220222222
2220222202222222212002012212210200222222222200201221221020021222222220222202222222202202222022122220121222122220122202101222121022121222120220121212122210102211122010022212121210221212221212201212221012022210222212221210222202202222022022222
2222022220222222221201201221221020022222222220020122122102102122222222022220222222220220222202212222012022212222012220210122212102212122212122012121212220010221112201012221212121022121222121220121222101202221022221222121022220220222202202222
2222202222022222222120120122122102002222222222012012212210210202222222202222022222222022022220220222201202221222201222021012221210221212221202201212121222001022110220101222121212102202122212122012122210120222102222122212102222022022220220222
2222220222202222222202012012212210210222222222200201221221021021222222220222202222222202202222022022220121222122220122202101222121022121222120220121212122210102201122010122212121210221212221212201212221012022210222212220210222202202222022022
2222222022220222222221201201221221020022222222220020122122102102022222222022220222222220220222202202222012122212222012220210122212102212122212122012121212220010221112201002221212121022121222121220121222101202221022221222121022221220222202202
2222222202222022222222020120122122102102222222222002012212210210212222222202222022222222022022220220222201212221222201222021012221210221212221202201212121222101022111220100222121212102212122212022012122210120222102222122202102222122022220220
0222222220222202222222212012012212210200222222222201201221221021020222222220222202222222202202222022022220120222122220122202101222121022021222121220121212122210102211122010022212121210220212221212201202221012022210222212221210222212202222022
2022222222022220222222220201201221221020022222222220020122122102102122222222022220222222220220222202202222012122212222012220210122202102212122212122012121212220010221112201002221212121022021222121220121222101202221022221222021022221220222202
2202222222202222022222222120120122122102002222222222012012212210210202222222202222022222222022022220220222201202221222201222021012221210221212221202201212121222101022111220101222121212102202122212122012122210120222102222122212102222022022220
0220222222220222202222222212012012212210200222222222200201221221020021222222220222202222222202202222022022220121222122220122202101222121022121222120220121212122210102211122010022212121210221212221212201212221012022210222212221210222212202222
2022022222222022220222222221201201221221020022222222220020122122102102122222222022220222222220220222202202222012122212222012220210122212102212122212022012121212221010221112201012221212121022021222121220121222101202221022221222121022220220222
2202202222222202222022222222120120122122102002222222222002012212210200202222222202222022222222022022220221222201212221222201222021012220210221212221212201212121222001022111220101222121212102212122212122012122210120222102222122212102222022022
2220220222222220222202222222212012012212210200222222222201201221221021020222222220222202222222202202222022022220120222122220122202101222121022121222121220121212122200102211122010122212121210220212221212201212221012022210222212221210222202202
2222022022222222022220222222221201201221221020022222222220120122122102102022222222022220222222220220222202212222012122212222012220210122202102212122212122012121212220010221112201002221212121022121222121220121222101202221022221222121022220220
0222202202222222202222022222222120120122122102002222222222002012212210210212222222202222022222222022022220220222201212221222201222021012221210221212221202201212121222001022111220100222121212102202122212122012122210120222102222122202102222022
2022220220222222220222202222222212012012212210200222222222200201221221021021222222220222202222222202202222022022220121222122220122202101222121022121222120220121212122210102211122010122212121210220212221212201202221012022210222212221210222212
2202222022022222222022220222222221200201221221020022222222220020122122102102122222222022220222222220220222202202222012122212222012220210122212102212122212122012121212220010221112201002221212121022021222121220120222101202221022221222021022221
0220222202202222222202222022222222120120122122102002222222222012012212210210202222222202222022222222022022220221222201202221222201222021012221210220212221212201212121222101022111220100222121212102202122212122012122210120222102222122212102222
2022022220220222222220222202222222202012012212210200222222222200201221221021021222222220222202222222202202222022022220121222122220122202101222121022121222120220121212122210102211122010022212121210220212221212201212221012022210222212221210222
2202202222022022222222022220222222221201201221221020022222222220120122122102102022222222022220222222220220222202202222012122212222012220210122212102202122212022012121212221010221112201002221212121022121222121220121222101202221022221222121022
2221220222202202222222202222022222222020020122122102102222222222002012212210210212222222202222022222222022022220220222201212221222201222021012221210221212221202201212121222001022111220100222121212102202122212122012022210120222102222122212102
2222022022220220222222220222202222222212012012212210200222222222201201221221021020222222220222202222222202202222022022220120222122220122202101222121022021222121220121212122200102211122010022212121210221212221212201202221012022210222212221210
0222212202222022022222222022220222222221201201221221020022222222220020122122102002122222222022220222222220220222202202222012122212222012220210122212102212122212122012121212221010221112201012221212121022021222121220121222101202221022221222121
1022221220222202202222222202222022222222120120122122102002222222222012012212210200202222222202222022222222022022220220222201202221222201222021012221210221212221202201212121222001022111220101222121212102212122212122012122210120222102222122212
2102222022022220220222222220222202222222202012012212210210222222222200201221221021021222222220222202222222202202222022122220121222122220122202101222021022121222121220121212122200102211122010022212121210221212221212201212221012022210222212220
1210222212202222022022222222022220222222221200201221221020022222222220020122122102102122222222022220222222220220222202202222012122212222012220210122212102212122212122012121212220010221112201002221212121022121222121220120222101202221022221222
2120022221220222202202222222202222022222222120120122122102002222222222012012212210200202222222202222022222222022022220220222201212221222201222021012221210221212221212201212121222001022111220100222121212102212122212122012122210120222102222122
2212102222022022220220222222220222202222222212012012212210200222222222201201221221021020222222220222202222222202202222022022220120222122220122202101222121022121222120220121212122200102211122010022212121210221212221212201212221012022210222212
2221210222202202222022022222222022220222222221201201221221020022222222220020122122102102122222222022220222222220220222202202222012022212222012220210122212102212122212022012121212220010221112201002221212121022121222121220121222101202221022221
1222121022220220222202202222222202222022222222120020122122102002222222222002012212210210212222222202222022222222022022220221222201212221222201222021012221210221212221202201212121222101022111220100222121212102212122212122012122210120222102222
2122212102222122022220220222222220222202222222212012012212210200222222222200201221221021020222222220222202222222202202222022022220121222122220122202101222121022121222121220121212122210102211122010022212121210220212221212201212221012022210222
2212220210222202202222022022222222022220222222221201201221221020022222222220020122122102102122222222022220222222220220222202202222012122212222012220210122202102212122212022012121212220010221112201002221212121022121222121220121222101202221022
2221222021022220220222202202222222202222022222222120120122122102002222222222002012212210210212222222202222022222222022022220220222201212221222201222021012221210221212221212201212121222001022111220100222121212102212122212122012022210120222102
2222122202102222022022220220222222220222202222222202012012212210210222222222200201221221021021222222220222202222222202202222022022220121222122220122202101222021022121222120220121212122200102211122010122212121210221212221212201212221012022210
0222212221210222212202222022022222222022220222222221201201221221020022222222220120122122102102022222222022220222222220220222202202222012022212222012220210122212102202122212122012121212220010221112201012221212121022121222121220121222101202221
1022221222021022220220222202202222222202222022222222020020122122102102222222222002012212210210212222222202222022222222022022220220222201212221222201222021012221210221212221202201212121222001022111220100222121212102202122212122012022210120222
2102222122212102222122022220220222222220222202222222212012012212210200222222222200201221221020020222222220222202222222202202222022022220121222122220122202101222121022121222120220121212122200102211122010022212121210220212221212201212221012022
2210222212221210222202202222022022222222022220222222220201201221221021022222222220020122122102102122222222022220222222220220222202212222002122212222012220210122212102212122212022012121212220010221112201012221212121022021222121220121222101202
2221022221222121022220220222202202222222202222022222222120120122122102002222222222002012212210210212222222202222022222222022022220220222201202221222201222021012221210221212221202201212121222001022111220100222121212102202122212122012022210120
0222102222122212102222122022220220222222220222202222222202002012212210200222222222200201221221021021222222220222202222222202202222022022220121222122220122202101222121022121222120220121212122200102211122010122212121210221212221212201212221012
2022210222212221210222212202222022022222222022220222222221201201221221020022222222220020122122102102122222222022220222222220220222202202222012122212222012220210122212102212122212122012121212221010221112201002221212121022021222121220120222101
1202221022221222121022220220222202202222222202222022222222120120122122102002222222222002012212210210212222222202222022222222022022220221222201212221222201222021012220210221212221202201212121222101022111220100222121212102212122212122012022210
0120222102222122202102222122022220220222222220222202222222202012012212210210222222222200201221221021021222222220222202222222202202222022022220121222122220122202101222121022121222121220121212122200102211122010122212121210221212221212201212221
1012022210222212221210222202202222022022222222022220222222221200201221221020022222222220020122122102102122222222022220222222220220222202212222012122212222012220210122212102212122212022012121212220010221112201002221212121022121222121220121222
2101202221022221222121022220220222202202222222202222022222222020120122122102002222222222002012212210210212222222202222022222222022022220221222201212221222201222021012221210221212221212201212121222101022111220100222121212102212122212122012122
2210120222102222122212102222122022220220222222220222202222222212012012212210200222222222201201221221021020222222220222202222222202202222022022220120222122220122202101222121022121222121220121212122200102211122010122212121210221202221212201212
2221012022210222212221210222212202222022022222222022220222222221201201221221020022222222220020122122102002122222222022220222222220220222202202222012022212222012220210122212102212122212122012121212221010221112201012221212121022121222121220121
0222101202221022221222121022220220222202202222222202222022222222120120122122102002222222222002012212210210202222222202222022222222022022220220222201202221222201222021012221210221212221212201212121222001022111220100222121212102212122212122012
2122210120222102222122212102222022022220220222222220222202222222202012012212210200222222222200201221221021021222222220222202222222202202222022022220121222122220122202101222121022121222121220121212122200102211122010122212121210220212221212201
1202221012022210222212221210222202202222022022222222022220222222221201201221221020022222222220120122122102102022222222022220222222220220222202202222012022212222012220210122212102212122212122012121212221010221112201012221212121022021222121220
0120222101202221022221222021022220220222202202222222202222022222222020120122122102002222222222002012212210210212222222202222022222222022022220221222201212221222201222021012220210221212221212201212121222001022111220101222121212102202122212122
2012122210120222102222122212102222022022220220222222220222202222222212012012212210200222222222201201221221021020222222220222202222222202202222022022220120222122220122202101222021022121222120220121212122200102211122010122212121210221212221212
2201212221012022210222212220210222212202222022022222222022220222222220201201221221021022222222220020122122102102122222222022220222222220220222202202222012122212222012220210122212102212122212122012121212221010221112201012221212121022021222121
1220120222101202221022221222121022220220222202202222222202222022222222120120122122102002222222222002012212210210212222222202222022222222022022220220222201212221222201222021012221210221212221212201212121222101022111220100222121212102202122212
2122012122210120222102222122212102222022022220220222222220222202222222212012012212210200222222222200201221221020020222222220222202222222202202222022022220121222122220122202101222121022121222121220121212122200102211122010022212121210220212221
1212201212221012022210222212220210222202202222022022222222022220222222221201201221221020022222222220020122122102002122222222022220222222220220222202202222012122212222012220210122202102212122212122012121212221010221112201012221212121022121222
2121220120222101202221022221222121022220220222202202222222202222022222222120120122122102002222222222002012212210210202222222202222022222222022022220220222201202221222201222021012220210221212221202201212121222101022111220100222121212102202122
2212122012022210120222102222122212102222022022220220222222220222202222222202012012212210200222222222200201221221021021222222220222202222222202202222022122220121222122220122202101222121022121222120220121212122210102211122010022212121210221212
2221212201202221012022210222212221210222202202222022022222222022220222222221201201221221020022222222220020122122102102022222222022220222222220220222202202222012122212222012220210122212102212122212022012121212221010221112201002221212121022021
1222121220120222101202221022221222121022221220222202202222222202222022222222020120122122102002222222222002012212210210212222222202222022222222022022220220222201212221222201222021012221210221212221202201212121222101022111220100222121212102212
2122212122012122210120222102222122202102222122022220220222222220222202222222212012012212210200222222222200201221221021021222222220222202222222202202222022022220120222122220122202101222021022121222121220121212122200102211122010122212121210220
1212221212201202221012022210222212220210222212202222022022222222022220222222220201201221221020022222222220020122122102102122222222022220222222220220222202202222012122212222012220210122212102212122212022012121212220010221112201012221212121022
2121222121220120222101202221022221222021022221220222202202222222202222022222222120120122122102002222222222002012212210210212222222202222022222222022022220220222201202221222201222021012221210221212221212201212121222101022111220100222121212102
2202122212122012122210120222102222122212102222022022220220222222220222202222222212012012212210200222222222200201221221021020222222220222202222222202202222022022220121222122220122202101222121022121222121220121212122200102211122010022212121210
0220212221212201212221012022210222212221210222202202222022022222222022220222222221201201221221020022222222220020122122102102022222222022220222222220220222202202222012022212222012220210122212102212122212122012121212220010221112201002221212121
1022121222121220121222101202221022221222121022221220222202202222222202222022222222020120122122102002222222222002012212210210212222222202222022222222022022220220222201212221222201222021012221210221212221212201212121222001022111220100222121212
2102202122212122012122210120222102222122202102222022022220220222222220222202222222212012012212210200222222222200201221221021021222222220222202222222202202222022022220121222122220122202101222121022121222121220121212122200102211122010022212121
1210220212221212201212221012022210222212220210222202202222022022222222022220222222220201201221221020022222222220020122122102102122222222022220222222220220222202202222012122212222012220210122202102212122212122012121212221010221112201012221212
2121022121222121220121222101202221022221222121022220220222202202222222202222022222222020120122122102102222222222002012212210210212222222202222022222222022022220220222201212221222201222021012221210221212220212201212121222101022111220100222121
1212102212122212122012122210120222102222122212102222022022220220222222220222202222222212012012212210200222222222200201221221020020222222220222202222222202202222022122220121222122220122202101222121022121222120220121212122200102211122010122212
2121210220212221212201202221012022210222212221210222202202222022022222222022220222222221201201221221020022222222220020122122102102022222222022220222222220220222202212222012122212222012220210122202102212122212022012121212220010221112201012221
1212121022021222121220121222101202221022221222121022220220222202202222222202222022222222120020122122102002222222222002012212210210212222222202222022222222022022220221222201202221222201222021012221210221212221202201212121222001022111220101222
2121212102212122212122012122210120222102222122212102222022022220220222222220222202222222212002012212210200222222222200201221221020021222222220222202222222202202222022122220121222122220122202101222121022121222121220121212122200102211122010122
2212121210221202221212201212221012022210222212221210222202202222022022222222022220222222221201201221221020022222222220120122122102002022222222022220222222220220222202202222012022212222012220210122202102212122212022012121212220010221112201012
2221212121022121222121220121222101202221022221222121022220220222202202222222202222022222222120120122122102002222222222002012212210210202222222202222022222222022022220221222201212221222201222021012221210221212221202201212121222101022111220101
0222121212102212122212122012022210120222102222122212102222022022220220222222220222202222222202012012212210200222222222200201221221021021222222220222202222222202202222022022220121222122220122202101222021022121222120220121212122200102211122010
0022212121210221212221212201212221012022210222212221210222202202222022022222222022220222222221201201221221020022222222220020122122102102022222222022220222222220220222202202222012122212222012220210122202102212122212122012121212221010221112201
1012221212121022021222121220121222101202221022221222021022220220222202202222222202222022222222120020122122102002222222222002012212210210212222222202222022222222022022220220222201212221222201222021012221210221212221202201212121222101022111220
0101222121212102202122212122012122210120222102222122212102222022022220220222222220222202222222212012012212210200222222222201201221221020020222222220222202222222202202222022022220121222122220122202101222121022121222121220121212122210102211122
2010022212121210220212221212201202221012022210222212221210222212202222022022222222022220222222221201201221221020022222222220020122122102102122222222022220222222220220222202202222012122212222012220210122212102212122212022012121212221010221112
2201002221212121022021222121220121222101202221022221222121022220220222202202222222202222022222222120120122122102002222222222002012212210210202222222202222022222222022022220221222201212221222201222021012221210221212221212201212121222101022111
1220101222121212102202122212122012122210120222102222122212102222022022220220222222220222202222222212012012212210200222222222200201221221020021222222220222202222222202202222022122220120222122220122202101222121022121222120220121212122210102211
