12222222011111022202222222122221110222020222022222212111122200220202221222111212202022002202022121112220222020220022210112122222202220202220011222212222222022200011102222222
21222222201110002220222222212222110022202022202222221211112220022020222022211121220202200220202212111222122202022002221011212222220222020222111122221222222202220101110222222
22122222220111100222022222221222211112220202220222222121101222002202022212221112122020220022020221211122212220202200222101121222222022202022201112222122222220222000111022222
22212222222011110022202222222122221111222020222022222212110122200220202221222111212202022002202022121112221222020220022210112122222202220202220111222212222222022201111102222
22221222222201110102220222222212222111022202022202222221211112220022020222122211121220202200220202212111222022202022002221011212222220222020222011122221222222202220001110222
22222122222220111100222022222221222211002220202220222222121111222002202022202221112122020220022020221211122212220202200222111121222222022202022211112222122222220222010111022
22222212222222011100022202222222122221101222020222022222212110122200220202220222111212202022002202022121112221222020220022210112122222202220202220111222212222222022201111102
22222221222222201110102220222222212222110022202022202222221211112220022020222122211121220202200220202212111222022202022002221011212222220222020222011122221222222202220011110
02222222122222220111010222022222221222211102220202220222222121101222002202022212221112122020220022020221211122202220202200222101121222222022202022210112222122222220222000111
10222222212222222011110022202222222122221101222020222022222212111122200220202220222111212202022002202022121112221222020220022210112122222202220202220111222212222222022201011
11022222221222222201111002220222222212222111122202022202222221211112220022020222022211121220202200220202212111222122202022002221111212222220222020222011122221222222202220101
11102222222122222220111110222022222221222211102220202220222222121111222002202022212221112122020220022021221211122202220202200222101121222222022202022201112222122222220222000
11110222222212222222011101022202222222122221110222020222022222212111122200220202221222111212202022002202022121112220222020220022211112122222202220202220011222212222222022200
10111022222221222222201111002220222222212222111022202022202222221211112220022020222022211121220202200220202212111222122202022002221011212222220222020222111122221222222202220
00111102222222122222220111110222022222221222211102220202220222222121111222002202022212221112122020220022020221211122202220202200222111121222222022202022211112222122222220222
20011110222222212222222011101022202222222122221111222020222022222212110122200220202221222111212202022002202122121112220222020220022210112122222202220202221011222212222222022
22000111022222221222222201111102220222222212222111022202022202222221211112220022020222122211121220202200220202212111222022202022002221011212222220222020222101122221222222202
22201111102222222122222220111100222022222221222211112220202220222222121111222002202022202221112122020220022020221211122212220202200222101121222222022202022200112222122222220
02220001110222222212222222011111022202222222122221110222020222022222212110122200220202221222111212202022002202022121112220222020220022211112122222202220202220111222212222222
20222000111022222221222222201110102220222222212222110122202022202222221211012220022020222122211121220202200220202212111222022202022002221111212222220222020222111122221222222
22022201011102222222122222220111000222022222221222211002220202220222222121101222002202022202221112122020220022020221211122212220202200222111121222222022202022201112222122222
22202220111110222222212222222011110022202222222122221101222020222022222212111122200220202221222111212202022002202022121112221222020220022211112122222202220202221111222212222
22220222001111022222221222222201110102220222222212222111122202022202222221211012220022020222122211121220202200220202212111222122202022002221111212222220222020222001122221222
22222022200111102222222122222220111010222022222221222211102220202220222222121101222002202022212221112122020220022020221211122202220202200222111121222222022202022211112222122
22222202220101110222222212222222011110022202222222122221111222020222022222212110122200220202220222111212202022002202022121112221222020220022211112122222202220202220011222212
22222220222011111022222221222222201110002220222222212222111022202022202222221211012220022020222122211121220202200220202212111222122202022002221111212222220222020222011122221
12222222022200111102222222122222220111010222022222221222211112220202220222222121111222002202022212221112122020220022020221211122202220202200222111121222222022202022201112222
21222222202220101110222222212222222011110022202222222122221100222020222022222212110122200220202220222111212202022002202022121112221222020220022211112122222202220202221111222
22122222220222011111022222221222222201111002220222222212222110022202022202222221211112220022020222022211121220202200220202212111222122202022002221111212222220222020222111122
22212222222022201111102222222122222220111000222022222221222211112220202220222222121111222002202022212221112122020220022020221211122212220202200222111121222222022202022201112
22221222222202220011110222222212222222011101022202222222122221111222020222022222212110122200220202221222111212202022002202122121112220222020220022210112122222202220202221111
12222122222220222010111022222221222222201111012220222222212222110022202022202222221211112220022020222022211121220202200220202212111222122202022002221011212222220222020222111
11222212222222022201011102222222122222220111000222022222221222211102220202220222222121101222002202022202221112122120220022020221211122212220202200222111121222222022202022211
11122221222222202220011110222222212222222011111022202222222122221110222020222022222212111122200220202221222111212202022002202022121112220222020220022210112122222202220202221
00112222122222220222000111022222221222222201110002220222222212222111122202022202222221211112220022020222122211121220202200220202212111222122202022002221011212222220222020222
20111222212222222022201011102222222122222220111101222022222221222211002220202220222222121111222002202022202221112122020220022020221211122212220202200222101121222222022202022
22111122221222222202220111110222222212222222011100022202222222122221111222020222022222212110122200220202220222111212202022002202022121112221222020220022211112122222202220202
22211112222122222220222000111022222221222222201111102220222222212222110022202022202222221211112220022020222122211121220202200220202212111222022202022002221111212222220222020
02220011222212222222022200011102222222122222220111010222022222221222211102220202220222222121111222002202022212221112122020220022020221211122202220202200222101121222222022202
20222001122221222222202220111110222222212222222011110022202222222122221110222020222022222212111122200220202220222111212202022002202022121112221222020220022210112122222202220
02022210112222122222220222001111022222221222222201110002220222222212222111122202022202222221211012220022020222122211121220202200220202212111222122202022002221011212222220222
20202220111222212222222022200011102222222122222220111100222022222221222211102220202220222222121101222002202022212221112122020220022020221211122212220202200222101121222222022
22020222001122221222222202220001110222222212222222011111022202222222122221110222020222022222212111122200220202221222111212202022002202022121112220222020220022211112122222202
22202022211112222122222220222011111022222221222222201111002220222222212222110022202022202222221211112220022020222022211121220202200220202212111222122202022002221011212222220
02220202221111222212222222022200011102222222122222220111110222022222221222211012220202220222222121111222002202022212221112122020220022020221211122212220202200222101121222222
20222020222011122221222222202221011110222222212222222011101022202222222122221100222020222022222212110122200220202221222111212202022002202022121112220222020220022211112122222
22022202022201112222122222220222010111022222221222222201111002220222222212222110022202022202222221211012220022020222022211121220202200220202212111222122202022002221011212222
22202220202220111222212222222022200111102222222122222220111100222022222221222211002220202220222222121101222002202022212221112122020220022020221211122212220202200222111121222
22220222020222011122221222222202220001110222222212222222011110022202222222122221100222020222022222212111122200220202221222111212202022002202022121112221222020220022210112122
22222022202022211112222122222220222101111022222221222222201110102220222222212222110122202022202222221211112220022020222122211121220202200220202212111222022202022002221011212
22222202220202220111222212222222022201011102222222122222220111001222022222221222211012220202220222222121111222002202022202221112122020220022020221211122212220202200222111121
12222220222020222111122221222222202220111110222222212222222011110022202222222122221110222020222022222212110122200220202221222111212202022002202022121112221222020220022211112
21222222022202022200112222122222220222000111022222221222222201111102220222222212222111022202022202222221211012220022020222122211121220202200220202212111222022202022002221111
12122222202220202221011222212222222022200111102222222122222220111110222022222221222211102220202220222222121101222002202022212221112122020220022020221211122202220202200222101
11212222220222020222001122221222222202220011110222222212222222011101022202222222122221111222020222022222212111122200220202221222111212202022002202022121112220222020220022210
11121222222022202022211112222122222220222011111022222221222222201111002220222222212222111022202022202222221211012220022020222022211121220202200220202212111222122202022002221
11112122222202220202221111222212222222022200111102222222122222220111010222022222221222211112220202220222222121101222002202022212221112122020220022020221211122212220202200222
21011212222220222020222011122221222222202220101110222222212222222011110122202222222122221100222020222022222212111122200220202220222111212202022002202022121112221222020220022
22101121222222022202022211112222122222220222011111022222221222222201110002220222222212222111122202022202222221211012220022020222022211121220202200220202212111222122202022002
22211112122222202220202220111222212222222022200111102222222122222220111010222022222221222211102220202220222222121111222002202022212221112122020220022020221211122202220202200
02221111212222220222020222101122221222222202220011110222222212222222011101022202222222122221110222020222022222212110122200220202221222111212202022002202022121112221222020220
00222101121222222022202022200112222122222220222000111022222221222222211110102220222222212222111022202022202222221211112220022020222122211121220202200220202212111222022202022
20022211112122222202220202220111222212222222022201011102222222122222220111000222022222221222211112220202220222222121101222002202022202221112122020220022020221211122212220202
22002221011212222220222020222111122221222222202220011110222222212222222011110022202222222122221101222020222022222212111122200220202221222111212202022002202022121112221222020
02200222111121222222022202022210112222122222220222101111022222221222222201110102220222222212222111122202022202222221211012220022020222122211121220202200220202212111222022202
20220022211112122222202220202220111222212222222022201111102222222122222220111000222022222221222211002220202220222222121101222002202022202221112122020220022020221211122212220
02022002221111212222220222020222011122221222222202220101110222222212222222011100022202222222122221110222020222022222212111122200220202221222111212202022002202022121112221222
20202200222111121222222022202022201112222122222220222011111022222221222222201110002220222222212222111022202022202222221211012220022020222022211121220202200220202212111222122
22020220022211112122222202220202221011222212222222022200011102222222122222220111110222022222221222211112220202220222222121111222002202022212221112122020220022020221211122202
22202022002221111212222220222020222011122221222222202220111111222222212222222011110022202222222122221100222020222022222212111122200220202220222111212202022002202022121112221
12220202200222101121222222022202022210112222122222220222000111022222221222222201111002220222222212222111122202022202222221211112220022020222122211121220202200220202212111222
20222020220022211112122222202220202220111222212222222022210011102222222122222220111010222022222221222211102220202220222222121101222002202022212221112122020220022020221211122
22122202022002221111212222220222020222011122221222222202220101110222222212222222011110022202222222122221100222020222022222212110122200220202220222111212202022002202022121112
22212220202200222101121222222022202022201112222122222220222010111022222221222222201110002220222222212222110022202022202222221211112220022020222022211121220202200220202212111
12221222020220022210112122222202220202221111222212222222022201011102222222122222220111000222022222221222211012220202220222222121101222002202022202221112122020220022020221211
11222022202022002221011212222220222020222011122221222222202220011110222222212222222011111022202222222122221101222020222022222212110122200220202221222111212202022002202122121
11122202220202200222111121222222022202022200112222122222220222000111022222221222222201111102220222222212222111022202022202222221211112220022020222122211121220202200220202212
21112221222020220022210112122222202220202220011222212222222022201011102222222122222220111100222022222221222211112220202220222222121101222002202022202221112122120220022020221
12111222122202022002221011212222220222020222101122221222222202220001110222222212222222011101022202222222122221110222020222022222212110122200220202221222111212202022002202022
21211122202220202200222101121222222022202022200112222122222220222000111022222221222222201110102220222222212222111122202022202222221211112220022020222122211121220202200220212
22121112220222020220022210112122222202220202220011222212222222022200111102222222122222220111010222022222221222211102220202220222222121111222002202022212221112122020220022020
02212111222122202022002221111212222220222020222001122221222222202220111110222222212222222011100022202222222122221111222020222022222212110122200220202220222111212202022002202
20221211122212220202200222101121222222022202022200112222122222220222001111022222221222222201111102220222222212222111122202022202222221211012220022020222122211121220202200220
02022121112220222020220022211112122222202220202221011222212222222022200011102222222122222220111010222022222221222211112220202220222222121111222002202022212221112122020220022
20202212111222122202022002221111212222220222020222111122221222222202220111110222222212222222011100022202222222122221111222020222022222212111122200220202220222111212202022002
22020221211122212220202200222101121222222022202022201112222122222220222000111022222221222222201110002220222222212222111022202022202222221211012220022020222122211121220202200
02202022121112221222020220022211112122222202220202220111222212222222022200011102222222122222220111110222022222221222211112220202220222222121101222002202022212221112122020220
00220202212111222022202022002221011212222220222020222011122221222222202220011110222222212222222011101022202222222122221100222020222022222212110122200220202221222111212202022
20022020221211122212220202200222111121222222022202022211112222122222220222011111022222221222222201111002220222222212222111122202022202222221211012220022020222022211121221202
22002202022121112221222020220022211112122222202220202220111222212222222022201111102222222122222220111000222022222221222211102220202220222222121101222002202022202221112122020
02200220202212111222022202022002221111212222220222020222101122221222222202220001110222222212222222011101022202222222122221110222020222022222212111122200220202221222111212202
20220022020221211122212220202200222101121222222022202022201112222122222220222010111022222221222222201111002220222222212222110122202022202222221211112220022020222022211121220
02022002202022121112221222020220022211112122222202220202221111222212222222022201011102222222122222220111000222022222221222211012220202220222222121111222002202022212221112122
20202200220202212111222122202022002221111212222220222020222011122221222222202220101110222222212222222011110022202222222122221110222020222022222212111122200220202220222111212
22020220022020221211122202220202200222111121222222022202022201112222122222220222001111022222221222222201111102220222222212222111022202022202222221211012220022020222122211121
12202022002202022121112221222020220022210112122222202220202220111222212222222022201011102222222122222220111000222022222221222211002220202220222222121111222002202022202221112
21220202200220202212111222122202022002221011212222220222020222101122221222222202220101110222222212222222011100022202222222122221110222020222022222212111122200220202220222111
12122020220022020221211122202220202200222111121222222022202022211112222122222220222000111022222221222222201110102220222222212222111122202022202222221211012220022020222122211
11212202022002202022121112220222020220022211112122222202220202221011222212222222022200111102222222122222220111010222022222221222211112220202220222222121101222002202022212221
11121220202200220202212111222122202022002221111212222220222020222011122221222222202220101110222222212222222011110122202222222122221100222020222022222212110122200220202220222
21112122020220022020221211122212220202200222101121222222022202022201112222122222220222011111022222221222222201111002220222222212222111022202022202222221211012220022020222022
22111212202022002202022121112220222020220022210112122222202220202220111222212222222022200011102222222122222220111010222022222221222211112220202220222222121101222002202022212
22211121220202200220202212111222022202022002221011212222220222020222101122221222222202220001110222222212222222011101022202222222122221110222020222022222212111122200220202221
02221112122120220022020221211122212220202200222111121222222022202022201112222122222220222011111022222221222222201111002220222222212222111122202022202222221211012220022020222
21222111212202022002202022121112221222020220022211112122222202220202221111222212222222022200011102222222122222220111110222022222221222211012220202220222222121111222002202022
22122211121220202200220202212111222022202022002221111212222220222020222001122221222222202220011110222222212222222011101022202222222122221110222020222022222212111122200220202
22212221112122020220022020221211122202220202200222101121222222022202022200112222122222220222001111022222221222222201111102220222222212222111022202022202222221211012220022020
02220222111212212022002202022121112221222020220022210112122222202220202220011222212222222022201011102222222122222220111000222022222221222211112220202220222222121101222002202
20222122211121220202200220202212111222122202022002221011212222220222020222101122221222222202220001110222222212222222011111022202222222122221111222020222022222212111122200220
02022212221112122020220022020221211122202220202200222111121222222022202022211112222122222220222000111022222221222222201111102220222222212222111122202022202222221211112220022
20202220222111212202022002202022121112221222020220022210112122222202220202220111222212222222022201011102222222122222220111000222022222221222211012220202220222222121101222002
22020222022211121220202200220202212111222122202022002221011212222220222020222111122221222222202220111110222222212222222011100022202222222122221100222020222022222212111122200
02202022212221112122020220022020221211122212220202200222111121222222022202022201112222122222220222001111022222221222222201111002220222222212222110122202022202222221211112220
00220202221222111212202022002202122121112220222020220022210112122222202220202221111222212222222022210011102222222122222220111010222022222221222211112220202220222222121101222
20022020222022211121220202200220202212111222122202022002221111212222220222020222011122221222222202220101110222222212222222011110022202222222122221100222020222022222212110122
22002202022202221112122020220022020221211122212220202200222101121222222022202022211112222122222220222011111022222221222222201110002220222222212222111122202022202222221211112
22200220202221222111212202022002202022121112220222020220022211112122222202220202221111222212222222022200111102222222122222220111010222022222221222211012220202220222222121111
12220022020222022211121220202200220202212111222122202022002221011212222220222020222111122221222222202220101110222222212222222011110022202222222122221101222020222022222212110
01222002202022202221112122020220022020221211122212220202200222111121222222022202022211112222122222220222011111022222221222222201111002220222222212222110122202022202222221211
10122200220202220222111212202022002202022121112221222020220022210112122222202220202220111222212222222022201011102222222122222220111000222022222221222211112220202220222222121
11012220022020222122211121220202200220202212111222022202022002221011212222220222020222101122221222222202220011110222222212222222011111022202222222122221110222020222022222212
21101222002202022202221112122020220022020221211122212220202200222111121222222022202022201112222122222220222011111022222221222222201110002220222222212222110022202022202222221
12110122200220202220222111212212022002202022121112221222020220022210112122222202220202221111222212222222022201011102222222122222220111100222022222221222211112220202220222222
21211112220022020222122211121220202200220202212111222122202022002221111212222220222020222011122221222222202220001110222222212222222011111022202222222122221110222020222022222
22121101222002202022212221112122020220022020221211122212220202200222111121222222022202022200112222122222220222001111022222221222222201110002220222222212222111122202022202222
22212110122200220202221222111212202022002202022121112220222020220022211112122222202220202221011222212222222022200011102222222122222220111110222022222221222211112220202220222
22221211012220022020222022211121220202200220202212111222122202022002221011212222220222020222111122221222222202220111110222222212222222011100022202222222122221101222020222022
22222121101222002202022212221112122020220022020221211122202220202200222101121222222022202022201112222122222220222000111022222221222222201111102220222222212222110122202022202
22222212111122200220202221222111212202022002202022121112220222020220022211112122222202220202220011222212222222022200011102222222122222221111010222022222221222211102220202220
02222221211012220022020222022211121220202200220202212111222122202022002221011212222220222020222011122221222222202220111110222222212222222011100022202222222122221110222020222
20222222121111222002202022212221112122020220022020221211122212220202200222101121222222022202022201112222122222220222001111022222221222222201111002220222222212222110022202022
22022222212110122200220202221222111212202022002202022121112221222020220022211112122222202220202221111222212222222022200011102222222122222220111100222022222221222211102220202
22202222221211112220022020222122211121220202200220202212111222022202022002221011212222220222020222101122221222222202220011110222222212222222111101022202222222122221110222020
02220222222121101222002202022202221112122020220022020221211122212220202200222101121222222022202022201112222122222220222010111022222221222222201110002220222222212222110022202
20222022222212110122200220202221222111212202022002202022121112221222020220022211112122222202220202220111222212222222022200111102222222122222220111100222022222221222211112220
02022202222221211012220022020222122211121220202200220202212111222022202022002221111212222220222020222111122221222222202220011110222222212222222011101022202222222122221101222
20202220222222121111222002202022202221112122020220022020221211122212220202200222101121222222022202022201112222122222220222010111122222221222222201110002220222222212222110022
22020222022222212111122200220202221222111212202022002202022121112220222020220022210112122222202220202221011222212222222022200111102222222122222221111110222022222221222211102
22202022202222221211112220022020222122211121220202200220202212111222122202022002221111212222220222020222111122221222222202220101110222222212222222011110022202222222122221101
02220202220222222121111222002202022212221112122020220022020221211122202220202200222111121222222022202022201112222122222220222001111022222221222222201110102220222222212222110
01222020222022222212111122200220202220222111212202022002202022121112221222020220022210112122222202220202220111222212222222022201011112222222122222220111100222022222221222211
11022202022202222221211112220022020222022211121220202200220202212111222122202022002221011212222220222020222111122221222222202220101110222222212222222011100022202222222122221
11102220202220222222121111222002202022212221112122020220022020221211122202220202200222101121222222022202022211112222122222220222001111022222221222222201111102220222222212222
21110222020222022222212111122200220202221222111212202022002202022121112220222020220022210112122222202220202221011222212222222022200111102222222122222220111010222022222221222
22111122202022202222221211112220022020222122211121220202200220202212111222022202022002221011212222220222020222101122221222222202220001110222222212222222011101022202222222122
22211102220202220222222121111222002202022202221112122020220022020221211122212220202200222111121222222022202022200112222122222220222010111122222221222222201111002220222222212
22221110222020222022222212111122200220202221222111212202022002202022121112221222020220022211112122222202220202221111222212222222022200111102222222122222220111000222022222221
12222111122202022202222221211112220022020222122211121220202200220202212111222022202022002221111212222220222020222101122221222222202220001110222222212222222011111022202222222
21222211002220202220222222121101222002202022202221112122020220022020221211122212220202200222111121222222022202022201112222122222220222010111022222221222222201111002220222222
22122221110222020222022222212110122200220202221222111212202022002202022121112221222020220022210112122222202220202221011222212222222022200111102222222122222220111110222022222
22212222111022202022202222221211112220022020222122211121220202200220202212111222122202022002221111212222220222020222101122221222222202220111110222222212222222011110022202222
22221222211102220202220222222121101222002202022212221112122020220022020221211122202220202200222111121222222022202022210112222122222220222000111022222221222222201110102220222
22222122221101222020222022222212110122200220202220222111212202022002202022121112221222020220022210112122222202220202221111222212222222022201111102222222122222220111100222022
22222212222111122202022202222221211012220022020222122211121220202200220202212111222122202022002221011212222220222020222111122221222222202220001110222222212222222011110022202
22222221222211112220202220222222121111222002202022212221112122020220022020221211122202220202200222101121222222022202022200112222122222220222001111022222221222222201110102220
02222222122221101222020222022222212111122200220202220222111212202022002202022121112221222020220022210112122222202220202220111222212222222022201011102222222122222220111000222
20222222212222110022202022202222221211012220022020222022211121220202200220202212111222122202022002221011212222220222020222111122221222222202220101110222222212222222011100022
22022222221222211002220202220222222121101222002202022202221112122020220022020221211122212220202200222111121222222022202022201112222122222220222011111022222221222222201110002
22202222222122221111222020222022222212110122200220202221222111212202022002202122121112220222020220022210112122222202220202221111222212222222022200011102222222122222220111010
02220222222212222111022202022202222221211012220022020222122211121220202200220202212111222022202022002221111212222220222020222101122221222222202220011110222222212222222011101
00222022222221222211112220202220222222121111222002202022212221112122020220022020221211122212220202200222111121222222022202022210112222122222220222011111022222221222222201111
01022202222222122221110222020222022222212110122200220202221222111212202022002202022121112220222020220022210112122222202220202221111222212222222022200111102222222122222220111
10002220222222212222110122202022202222221211012220022020222022211121220202200220202212111222122202022002221011212222220222020222011122221222222202220111110222222212222222011
11010222022222221222211102220202220222222121111222002202022212221112122020220022020221211122202220202200222111121222222022202022200112222122222220222000111022222221222222211
11110022202222222122221100222020222022222212110122200220202220222111212202022002202022121112221222020220022211112122222202220202220111222212222222022201111102222222122222220
01110102220222222212222111022202022202222221211112220022020222122211121220202200220202212111222022202022002221011212222220222020222011122221222222202220011110222222212222222
20111010222022222221222211112220202220222222121101222002202022212221112122020220022020221211122202220202200222111121222222022202022200112222122222220222000111022222221222222
22011110022202222222122221111222020222022222212110122200220202220222111212212022002202022121112221222020220022211112122222202220202220111222212222222022201011102222222122222
22201111002220222222212222111022202022202222221211112220022020222122211121220202200220202212111222122202022002221011212222220222020222101122221222222202220001110222222212222
22220111010222022222221222211112220202220222222121111222002202022212221112122020220022021221211122202220202200222101121222222022202022210112222122222220222000111022222221222
22222011101022202222222122221111222020222022222212111122200220202221222111212202022002202022121112220222020220022211112122222202220202220111222212222222022200011102222222122
22222201110002220222222212222111122202022202222221211012220022020222022211121221202200220202212111222122202022002221111212222220222020222001122221222222202220101111222222212
22222220111000222022222221222211112220202220222222121101222002202022212221112122020220022020221211122212220202200222101121222222022202022210112222122222220222011111022222221
