122202200102202221202202002222121221222202212222122002022022212022220122221211222210020110122221220202222222222222221202202222101102001222211212222102222021222022020022122221220222212212122221020220212220220100221222
212220220010220222120221201222212122122220221222212200202202221202222012222121122221002011012222022020222222222222222020221222210110200122221121222210222202122202202002212222122022221221212222102122021222022010022122
221222122001022022212022120122221212212222022122221220020220222120222201222212112222100201101222212202022222222222222202022022221011020012222112122221022220212220220200221222212202222122121222200202202122202201002202
222122202200102202221202212012222121221222202212222122002022022212022220122221211222210020110122220220202222222222222220202212222101102001222211212222102222021222022020022122221220222212212122221121220212220220100221
022212221220010220222120221201222212122122220221222212200202202221202222012222121122221012011112222122021222222222222222020220222210110200122221121222210222202122202202002212222122022221221212222012122021222022010022
202221222122001022022212022020022221212212222022122221220020220222120222201222212112222101201101222212202022222222222222202022022221011020012222112122221022220212220220200221222212202222122121222201212202122202201002
221222122202200102202221202202002222121221222202212222122002022022212022220122221211222210020110122220220212222222222222220202212222101102001222211212222102222021222022020022122221220222212212122220020220212220220100
022022212221220010220222120220201222212122122220221222212200202202221202222012222121122221002011012222022020222222222222222120221222210110200122221121222210222202122202202002212222122022221221212222002022021222022010
002212221222122001022022212022020022221212212222022122221220020220222120222201222212112222100201101222202202022222222222222212022122221011020012222112122221022220212220220200221222212202222122121222210202202122202201
100221222122212200102202221202202012222121221222202212222122002022022212022220122221211222210020110122221220202222222222222220202212222101102001222211212222102222021222022020022122221220222212212122220021220212220220
010022022212221220010220222120220211222212122122220221222212200202202221202222012222121122221002011012222122020222222222222222020220222210110200122221121222210222202122202202002212222122022221221212222102022021222022
201002212221222022001022022212022020122221212212222022122221220020220222120222201222212112222100201101222202202022222222222222212022022221111020012222112122221022220212220220200221222212202222122121222200202202122202
220100221222122202200102202221202202012222121221222202212222122002022022212022220122221211222210020110122220220202222222222222220202212222101102001222211212222102222021222022020022122221220222212212122221020220212220
022010022122212221220010220222120220200222212122122220221222212200202202221202222012222121122221002011112222122020222222222222222020220222210110200122221121222210222202122202202002212222122022221221212222102022021222
202201002212221222122001022022212022020122221212212222022122221220020220222120222201222212112222100201111222202202022222222222222202022022221111020012222112122221022220212220220200221222212202222122121222200212202122
220220100220222122212200102202221202202112222121221222202212222122002022022212022220122221211222210020110122221220202222222222222220202202222101102001222211212222102222021222022020022122221220222212212122220020220212
222022010022022212221220010220222120220200222212122122220221222212200202202221202222012222121122221002011012222122020222222222222222020221222210110200122221121222210222202122202202002212222122022221221212222112022021
122202201002212221222022001022022212022020022221212212222022122221220020220222120222201222212112222100201101222202202022222222222222202022022221111020012222112122221022220212220220200221222212202222122121222200202202
212220220100221222122212200102202221202212012222121221222202212222122002022022212022220122221211222210020110122220220202222222222222221202212222101102001222211212222102222021222022020022122221220222212212122221021220
021222022010022122212220220010220222120220201222212122122220221222212200202202221202222012222121122221002011012222022020222222222222222020220222210110200122221121222210222202122202202002212222122022221221212222002122
202122202201002212221222122001022022212022121122221212212222022122221220020220222120222201222212112222100201111222202202022222222222222202022022221011020012222112122221022220212220220200221222212202222122121222200202
220212220220100220222122212200102202221202202012222121221222202212222122002022022212022220122221211222210120110122220220212222222222222220202212222101102001222211212222102222021222022020022122221220222212212122221020
022021222022010022122212220220010220222120221200222212122122220221222212200202202221202222012222121122221002011012222022020222222222222222020221222210110210122221121222210222202122202202002212222122022221221212222102
212202122202201002202221222122001022022212022120022221212212222022122221220020220222120222201222212112222100201101222212202122222222222222212022022221011020012222112122221022220212220220200221222212202222122121222210
021220212220220100221222122202200102202221202212102222121221222202212222122002022022212022220122221211222210020110122221220202222222222222220202212222101102001222211212222102222021222022020022122221220222212212122221
002122021222022010022122212221220010220222120220200222212122122220221222212200202202221202222012222121122221002011012222122021222222222222222020220222210110200122221121222210222202122202202002212222122022221221212222
210212202122202201002202221222122001022022212022020122221212212222022122221220020220222120222201222212112222100201101222202202022222222222222202022122221111020012222112122221022220212220220200221222212202222122121222
221020220212220220100221222122212200102202221202202002222121221222202212222122002022022212022220122221211222210020110122220220212222222222222220202212222111102001222211212222102222021222022020022122221220222212212122
222102022021222022010022022212221220010220222120221211222212122122220221222212200202202221202222012222121122221002011012222122020222222222222222020220222210110200122221121222210222202122202202002212222122022221221212
222210202202122202201002212221222122001022022212022120022221212212222022122221220020220222120222201222212112222100201101222202202122222222222222202022122221011020012222112122221022220212220220200221222212202222122121
122220020220212220220100221222122202200102202221202202112222121221222202212222122002022022212022220122221211222210020110122221220202222222222222221202202222101102001222211212222102222021222022020022122221220222212212
212222002022021222022010022122212221220010220222120221201222212122122220221222212200202202221202222012222121122221002011012222022020222222222222222120221222210110200122221121222210222202122202202002212222122022221221
121222210202202122202201002212221222022001022022212022120122221212212222022122221220020220222120222201222212112222100201101222212202122222222222222212022122221011020012222112122221022220212220220200221222212202222122
212122220020220212220220100221222122202200102202221202202102222121221222202212222122002022022212022220122221211222210020110122221220202222222222222220202202222101102001222211212222102222021222022020022122221220222212
221212222112022021222022010022022212221220010220222120221201222212122122220221222212200202202221202222012222121122221012011012222122020222222222222222020221222210110200122221121222210222202122202202002212222122022221
122121222210202202122202201002212221222122001022022212022120022221212212222022122221220020220222120222201222212112222100201101222202202022222222222222202022022221011020012222112122221022220212220220200221222212202222
212212122221020220212220220100220222122212200102202221202212012222121221222202212222122002022022212022220122221211222210120110122221220212222222222222220202202222101102001222211212222102222021222022020022122221220222
221221212222102022021222022010022022212221220010220222120220201222212122122220221222212200202202221202222012222121122221012011112222122020222222222222222020220222210110200122221121222210222202122202202002212222122022
222122121222200202202122202201002212221222122001022022212022020122221212212222022122221220020220222120222201222212112222100201101222212202122222222222222212022022221011020012222112122221022220212220220200221222212202
222212212122221120220212220220100221222122202200102202221202202002222121221222202212222122002022022212022220122221211222210020110122221220202222222222222220202202222101102101222211212222102222021222022020022122221220
022221221212222102122021222022010022122212221220010220222120220201222212122122220221222212200202202221202222012222121122221002011012222022020222222222222222020221222210110200122221121222210222202122202202002212222122
202222122121222200202202122202201002212221222022001022022212022021022221212212222022122221220020220222120222201222212112222100201101222212202022222222222222202022122221011021012222112122221022220212220220200221222212
220222212212122220021220212220220100221222122212200102202221202212002222121221222202212222122002022022212022220122221211222210020110122220220202222222222222220202212222101102001222211212222102222021222022020022122221
122022221221212222102022021222022010022022212221220010220222120220201222212122122220221222212200202202221202222012222121122221002011012222022021222222222222222020221222210110200122221121222210222202122202202002212222
212202222122121222211212202122202201002212221222022001022022212022020122221212212222022122221220020220222120222201222212112222100201101222212202022222222222222202022122221011020012222112122221022220212220220200221222
221220222212212122221021220212220220100220222122212200102202221202202012222121221222202212222122002022022212022220122221211222210020110122221220202222222222222220202212222101102001222211212222102222021222022020022122
222122022221221212222102122021222022010022122212221220010220222120221201222212122122220221222212200202202221202222012222121122221002011012222022021222222222222222020221222210110200122221121222210222202122202202002212
222212202222122121222200202202122202201002212221222022001022022212022121022221212212222022122221220020220222120222201222212112222100201101222212202022222222222222202022122221011020012222112122221022220212220220200221
122221220222212212122220120220212220220100220222122212200102202221202202012222121221222202212222122002022022212022220122221211222210020110122221220202222222222222220202212222101102001222211212222102222021222022020022
212222122022221221212222002022021222022010022122212220220010220222120221201222212122122220221222212200202202221202222012222121122221002011012222022020222222222222222020220222210110200122221121222210222202122202202002
221222212202222122121222200212202122202201002212221222022001022022212022020122221212212222022122221220020220222120222201222212112222100201101222202202022222222222222212022122221011020012222112122221022220212220220200
022122221220222212212122221021220212220220100220222122212200102202221202202112222121221222202212222122002022022212022220122221211222210120111122221220202222222222222220202202222101102001222211212222102222021222022020
002212222122022221221212222012022021222022010022122212221220010220222120220201222212122122220221222212200202202221202222012222121122221002011012222022020222222222222222020221222210110200122221121222210222202122202202
200221222212202222122121222210212202122202201002202221222122001022022212022120022221212212222022122221220020220222120222201222212112222101201101222212202022222222222222202022022221011020012222112122221022220212220220
020022122221220222212212122220121220212220220100220222122212200102202221202202012222121221222202212222122002022022212022220122221211222210020110122221220202222222222222220202202222101102001222211212222102222021222022
202002212222122022221221212222102022021222022010022122212220220010220222120220200222212122122220221222212200202202221202222012222121122221002011012222122020222222222222222020221222210110200122221121222210222202122202
220200221222212202222122121222210212202122202201002212221222122001022022212022120022221212212222022122221220020220222120222201222212112222100201101222202202022222222222222212022022221011020012222112122221022220212220
022020022122221220222212212122221121220212220220100221222122202200102202221202202002222121221222202212222122002022022212022220122221211222210020110122221220202222222222222220202212222101102101222211212222102222021222
202202002212222122022221221212222002122021222022010022122212221220010220222120221201222212122122220221222212200202202221202222012222121122221002011012222022020222222222222222020221222210110200122221121222210222202122
220220200221222212202222122121222210202202122202201002202221222122001022022212022021022221212212222022122221220020220222120222201222212112222101201101222202202022222222222222202022122221011020012222112122221022220212
222022020022122221220222212212122220020220212220220100221222122212200102202221202202012222121221222202212222122002022022212022220122221211222210020110122221220212222222222222220202202222101102001222211212222102222021
122202202002212222122022221221212222102022021222022010022022212221220010220222120220200222212122122220221222212200202202221202222012222121122221012011012222122020222222222222222020220222210110200122221121222200222202
212220220200221222212202222122121222210202202122202201002212221222022001022022212022020122221212212222022122221220020220222120222201222212112222100201101222212202022222222222222202022122221011020012222112122221022220
021222022020022122221220222212212122221020220212220220100221222122202200102202221202202002222121221222202212222122002022022212022220122221211222210020110122220220202222222222222221202212222101102001222211212222102222
202122202202002212222122022221221212222002122021222022010022122212221220010220222120221200222212122122220221222212200202202221202222012222121122221002011012222022021222222222222222120221222210110200122221121222210222
220212220220200221222212202222122121222211202202122202201002212221222022001022022212022020122221212212222022122221220020220222120222201222212112222100201101222212202022222222222222202022122221011021012222112122221022
222021222022020022122221220222212212122220020220212220220100220222122212200102202221202212012222121221222202212222122002022022212022220122221211222210120110122221220202222222222222220202202222101102001222211212222102
222202122202202002212222122022221221212222002022021222022010022022212221220010220222120220201222212122122220221222212200202202221202222012222121122221012011012222122020222222222222222020220222210110200122221121222200
022220212220220200221222212202222122121222210212202122202201002212221222122001022022212022121122221212212222022122221220020220222120222201222212112222100201101222212202022222222222222212022122221011020012222112122221
102222021222022020022122221220222212212122221021220212220220100220222122212200102202221202202012222121221222202212222122002022022212022220122221211222210020110122221220212222222222222220202212222101102001222211212222
210222202122202202002212222122022221221212222102022021222022010022122212221220010220222120220200222212122122220221222212200202202221202222012222121122221002011012222022020222222222222222120220222211110200122221121222
221022220212220220200221222212202222122121222211212202122202201002212221222022001022022212022020022221212212222022122221220020220222120222201222212112222100201101222202202022222222222222202022122221111020012222112122
222102222021222022020022122221220222212212122220020220212220220100221222122212200102202221202212102222121221222202212222122002022022212022220122221211222210020110122221220202222222222222220202202222101102001222211212
222210222202122202202002212222122022221221212222102022021222022010022122212221220010220222120221200222212122122220221222212200202202221202222012222121122221002011012222022020222222222222222020220222210110200122221121
122221022220212220220200221222212202222122121222210202202122202201002212221222022001022022212022020122221212212222022122221220020220222120222201222212112222100201101222212202022222222222222202022022221011021012222112
212222102222021222022020022122221220222212212122221121220212220220100220222122212200102202221202202012222121221222202212222122002022022212022220122221211222210020110122220220202222222222222220202202222101102001222211
121222210222202122202202002212222122022221221212222102022021222022010022122212220220010220222120220210222212122122220221222212200202202221202222012222121122221002011012222022020222222222222222020221222210110200122221
112122221022220212220220200221222212202222122121222210202202122202201002212221222022001022022212022120122221212212222022122221220020220222120222201222212112222100201101222202202122222222222222212022122221111020012222
211212222102222021222022020022122221220222212212122220021220212220220100220222122212200102202221202212102222121221222202212222122002022022212022220122221211222210120110122220220202222222222222220202212222101102001222
221121222210222202122202202002212222122022221221212222102022021222022010022122212220220010220222120220201222212122122220221222212200202202221202222012222121122221002011012222122020222222222222222020221222210110200122
222112122221022220212220220200221222212202222122121222200212202122202201002202221222122001022022212022020022221212212222022122221220020220222120222201222212112222100201101222212202022222222222222202022022221011020012
222211212222102222021222022020022122221220222212212122220020220212220220100220222122212200102202221202202102222121221222202212222122002022022212022220122221211222210020111122221220202222222222222220202202222101102001
122221121222210222202122202202002212222122022221221212222002022021222022010022122212221220010220222120221201222212122122220221222212200202202221202222012222121122221002011012222122020222222222222222020220222210110200
012222112122221022220212220220200221222212202222122121222211202202122202201002202221222122001022022212022020022221212212222022122221220020220222120222201222212112222101201101222202202022222222222222202022122221011020
001222211212222102222021222022020022122221220222212212122220020220212220220100221222122212200102202221202212112222121221222202212222122002022022212022220122221211222210020110122220220202222222222222220202202222111102
200122221121222210222202122202202002212222122022221221212222102022021222022010022122212221220010220222120220210222212122122220221222212200202202221202222012222121122221002011012222022020222222222222222020221222210110
020012222112122221022220212220220200221222212202222122121222200212202122202201002212221222022001022022212022121122221212212222022122221220020220222120222201222212112222100201111222202202022222222222222202022022221011
102001222211212222102222021222022020022122221220222212212122221020220212220220100221222122202200102202221202212012222121221222202212222122002022022212022220122221211222210020110122221220202222222222222220202202222101
110210122221121222210222202122202202002212222122022221221212222002122021222022010022122212220220010220222120221201222212122122220221222212200202202221202222012222121122221002011012222022020222222222222222020221222210
011021012222112122221022220212220220200221222212202222122121222200202202122202201002212221222022001022022212022020122221212212222022122221220020220222120222201222212112222100201101222212202022222222222222212022022221
101102001222211212222102222021222022020022122221220222212212122221021220212220220100220222122212200102202221202212012222121221222202212222122002022022212022220122221210222210120110122221220212222222222222220202212222
210110200122221121222210222202122202202002212222122022221221212222102022021222022010022022212221220010220222120221201222212122122220221222212200202202221202222012222121122221012011012222122020222222222222222020220222
221011020012222112122221022220212220220200221222212202222122121222211202202122202201002202221222122001022022212022020022221212212222022122221220020220222120222201222212112222100201111222202202122222222222222202022022
222111102001222211212222102222021222022020022122221220222212212122221020220212220220100220222122212200102202221202202002222121221222202212222122002022022212022220122221211222210020110122220220202222222222222221202212
222210110200122221121222210222202122202202002212222122022221221212222102122021222022010022122212221220010220222120221201222212122122220221222212200202202221202222012222121122221002011012222122020222222222222222120221
122221011020012222112122221022220212220220200221222212202222122121222200212202122202201002212221222122001022022212022120122221212212222022122221220020220222120222201222212112222100201101222212202022222222222222202022
202222101102001222211212222102222021222022020022122221220222212212122220120220212220220100221222122212200102202221202202002222121221222202212222122002022022212022220122221211222210020110122220220202222222222222220202
221222210110200122221121222210222202122202202002212222122022221221212222002022021222022010022122212220220010220222120220201222212122122220221222212200202202221202222012222121122221002011012222022020222222222222222120
022022221011020012222112122221022220212220220200221222212202222122121222200202202122202201002212221222022001022022212022020122221212212222022122221220020220222120222201222212112222100201101222202202022222222222222202
202212222101102001222211212222102222021222022020022122221220222212212122221021220212220220100221222122212200102202221202212002222121221222202212222122002022022212022220122221211222210020110122221220212222222222222221
020221222210110200122221121222210222202122202202002212222122022221221212222112122021222022010022122212221220010220222120221200222212122122220221222212200202202221202222012222121122221002011012222022020222222222222222
202022022221011020012222112122221022220212220220200221222212202222122121222200202202122202201002202221222122001022022212022120022221212212222022122221220020220222120222201222212112222100201101222212202022222222222222
220202202222111102001222211212222102222021222022020022122221220222212212122221120220212220220100220222122212200102202221202212002222121221222202212222122002022022212022220122221211222210020110122220220202222222222222
222020220222211110200122221121222210222202122202202002212222122022221221212222002022021222022010022122212221220010220222120221201222212122122220221222212200202202221202222012222121122221002011012222022021222222222222
222212022122221011020012222112122221022220212220220200221222212202222122121222210212202122202201002212221222022001022022212022120122221212212222022122221220020220222120222201222212112222100201101222212202022222222222
222220202212222101102101222211212222102222021222022020022122221220222212212122220120220212220220100221222122202200102202221202202002222121221222202212222122002022022212022220122221211222210020110122220220202222222222
222222120220222210110200122221121222210222202122202202002212222122022221221212222002122021222022010022122212220220010220222120220200222212122122220221222212200202202221202222012222121122221002011012222122020222222222
222222202022022221011020012222112122221022220212220220200221222212202222122121222210202202122202201002212221222022001022022212022020122221212212222022122221220020220222120222201222212112222100201101222202202022222222
222222220202212222101102001222211212222102222021222022020022122221220222212212122220121220212220220100220222122212200102202221202212002222121221222202212222122002022022212022220122221211222210020110122221220212222222
222222222020220222211110200122221121222210222202122202202002212222122022221221212222112122021222022010022022212221220010220222120220200222212122122220221222212200202202221202222012222121122221002011012222022020222222
222222222202022122221011020012222112122221022220212220220200221222212202222122121222201212202122202201002202221222122001022022212022020122221212212222022122221220020220222120222201222212112222101201101222212202022222
222222222220202212222101102001222211212222102222021222022020022122221220222212212122221020220212220220100220222122212200102202221202212112222121221222202212222122002022022212022220122221211222210120110122221220202222
222222222222020220222210110200122221121222210222202122202202002212222122022221221212222102122021222022010022122212220220010220222120221200222212122122220221222212200202202221202222012222121122221002011112222122021222
222222222222202022022221011020012222112122221022220212220220200221222212202222122121222210212202122202201002212221222122001022022212022020022221212212222022122221220020220222120222201222212112222100201101222212202022
222222222222220202202222101102001222211212222102222021222022020022122221220222212212122221020220212220220100221222122212200102202221202202012222121221222202212222122002022022212022220122221211222210020110122221220202
222222222222222020220222210110200122221121222210222202122202202002212222122022221221212222102022021222022010022122212220220010220222120220200222212122122220221222212200202202221202222012222121122221002011012222022020
122222222222222202022022221011020012222112122221022220212220220200221222212202222122121222210212202122202201002202221222122001022022212022120022221212212222022122221220020220222120222201222212112222101201111222202202
202222222222222220202202222101102001222211212222102222021222022020022122221220222212212122220021220212220220100221222122212200102202221202202012222121221222202212222122002022022212022220122221211222210020110122221220
020222222222222222020221222210110210122221121222210222202122202202002212222122022221221212222002022021222022010022122212220220010220222120221201222212122122220221222212200202202221202222012222121122221002011012222022
202022222222222222202022122221011020012222112122221022220212220220200221222212202222122121222210202202122202201002202221222122001022022212022020122221212212222022122221220020220222120222201222212112222101201101222212
220202222222222222220202212222101102101222211212222102222021222022020022122221220222212212122221020220212220220100221222122202200102202221202202102222121221222202212222122002022022212022220122221211222210020110122221
022020222222222222222120220222210110210122221121222210222202122202202002212222122022221221212222002122021222022010022122212220220010220222120220201222212122122220221222212200202202221202222012222121122221002011012222
212202022222222222222202022022221011020012222112122221022220212220220200221222212202222122121222210212202122202201002202221222122001022022212022020022221212212222022122221220020220222120222201222212112222100201101222
220220212222222222222221202212222101102001222211212222102222021222022020022122221220222212212122221021220212220220100221222122212200102202221202212012222121221222202212222122002022022212022220122221211222210020110122
222122021222222222222222020220222210110200122221121222210222202122202202002212222122022221221212222002122021222022010022022212221220010220222120220201222212122122220221222212200202202221202222012222121122221012011112
222202202022222222222222212022122221011020012222112122221022220212220220200221222212202222122121222200212202122202201002202221222122001022022212022121122221212212222022122221220020220222120222201222212112222100201101
122220220202222222222222220202202222111102001222211212222102222021222022020022122221220222212212122220021220212220220100221222122202200102202221202212002222121221222202212222122002022022212022220122221211222210020110
012222122021222222222222222120221222210110200122221121222210222202122202202002212222122022221221212222002022021222022010022122212221220010220222120221200222212122122220221222212200202202221202222012222121122221002011
101222212202022222222222222202022122221011020012222112122221022220212220220200221222212202222122121222210202202122202201002212221222122001022022212022020022221212212222022122221220020220222120222201222212112222100201
110122221220202222222222222221202212222101102001222211212222102222021222022020022122221220222212212122221020220212220220100221222122212200102202221202202012222121221222202212222122002022022212022220122221211222210020
011012222122020222222222222222020220222210110200122221121222210222202122202202002212222122022221221212222002122021222022010022022212221220010220222120220211222212122122220221222212200202202221202222012222121122221012
201101222202202022222222222222202022122221011020012222112122221022220212220220200221222212202222122121222200202202122202201002212221222122001022022212022120122221212212222022122221220020220222120222201222212112222100
020110122220220202222222222222221202212222101102001222211212222102222021222022020022122221220222212212122221020220212220220100221222122212200102202221202202002222121221222202212222122002022022212022220122221211222210
002011012222122020222222222222222020221222210110200122221121222210222202122202202002212222122022221221212222002122021222022010022122212221220010220222120221210222212122122220221222212200202202221202222012222121122221
100201101222202202122222222222222202022122221011020012222112122221022220212220220200221222212202222122121222200212202122202201002212221222122001022022212022120022221212212222022122221220020220222120222201222212112222
210020110122220220202222222222222220202202222101102101222211212222102222021222022020022122221220222212212122221120220212220220100221222122202200102202221202202002222121221222202212222122002022022212022220122221211222
221002011012222022020222222222222222120221222210110200122221121222210222202122202202002212222122022221221212222102022021222022010022122212221220010220222120221201222212122122220221222212200202202221202222012222121122
222100201101222212202022222222222222202022022221011021012222112122221022220212220220200221222212202222122121222200202202122202201002212221222022001022022212022020022221212212222022122221220020220222120222201222212112
222210020111122220220202222222222222221202202222101102001222211212222102222021222022020022122221220222212212122220021220212220220100221222122212200102202221202202012222121221222202212222122002022022212022220122221211
122221002011012222122021222222222222222020221222210110200122221121222210222202122202202002212222122022221221212222102022021222022010022022212221220010220222120220201222212122122220221222212200202202221202222012222121
112222100201101222202202022222222222222202022122221111020012222112122221022220212220220200221222212202222122121222200212202122202201002212221222122001022022212022020022221212212222022122221220020220222120222201222212
211222210020111122220220202222222222222220202202222101102001222211212222102222021222022020022122221220222212212122220020220212220220100220222122212200102202221202202002222121221222202212222122002022022212022220122221
121122221002011012222122020222222222222222020221222210110200122221121222210222202122202202002212222122022221221212222102022021222022010022122212221220010220222120221201222212122122220221222212200202202221202222012222
212112222100201101222212202022222222222222212022122221011021012222112122221022220212220220200221222212202222122121222210202202122202201002212221222022001022022212022120122221212212222022122221220020220222120222201222
221211222210020111122220220202222222222222220202202222101102001222211212222102222021222022020022122221220222212212122221120220212220220100221222122212200102202221202202002222121221222202212222122002022022212022220122
222121122221002011012222122020222222222222222020220222210110210122221121222210222202122202202002212222122022221221212222002122021222022010022122212220220010220222120220201222212122122220221222212200202202221202222012
222212112222100201101222202202122222222222222212022122221011020012222112122221022220212220220200221222212202222122121222210202202122202201002212221222122001022022212022020122221212212222022122221220020220222120222201
122221211222210020110122221220212222222222222220202202222101102001222211212222102222021222022020022122221220222212212122220021220212220220100220222122212200102202221202202002222121221222202212222122002022022212022220
012222121122221002011012222122021222222222222222020221222210110200122221121222210222202122202202002212222122022221221212222102122021222022010022122212220220010220222120220201222212122122220221222212200202202221202222
201222212112222100201101222202202022222222222222202022122221011020012222112122221022220212220220200221222212202222122121222211212202122202201002202221222122001022022212022020022221212212222022122221220020220222120222
220122221211222210020110122221220202222222222222220202212222101102101222211212222102222021222022020022122221220222212212122221020220212220220100221222122202200102202221202202012222121221222202212222122002022022212022
222012222121122221002011012222022020222222222222222020220222210110210122221121222210222202122202202002212222122022221221212222002022021222022010022122212220220010220222120220210222212122122220221222212200202202221202
222201222212112222100201101222212202022222222222222202022122221011020012222112122221022220212220220200221222212202222122121222200202202122202201002202221222122001022022212022120022221212212222022122221220020220222120
022220122221211222210020111122221220202222222222222220202202222101102001222211212222102222021222022020022122221220222212212122220021220212220220100221222122212200102202221202202012222121221222202212222122002022022212
202222012222121122221012011112222022021222222222222222020220222210110200122221121222210222202122202202002212222122022221221212222112022021222022010022022212221220010220222120220201222212122122220221222212200202202221
120222201222212112222100201101222212202022222222222222202022122221011020012222112122221022220212220220200221222212202222122121222210212202122202201002202221222122001022022212022021122221212212222022122221220020220222
212022220122221211222210020110122220220202222222222222220202212222101102001222211212222102222021222022020022122221220222212212122221021220212220220100221222122212200102202221202202112222121221222202212222122002022022
221202222012222121122221002011012222022020222222222222222020221222210110200122221121222210222202122202202002212222122022221221212222012022021222022010022122212220220010220222120221201222212122122220221222212200202202
222120222201222212112222100201101222202202022222222222222202022022221011020012222112122221022220212220220200221222212202222122121222200212202122202201002212221222122001022022212022020022221212212222022122221220020220
022212022220122221211222210020110122220220202222222222222220202202222101102001222211212222102222021222022020022122221220222212212122220020220212220220100221222122212200102202221202212112222121221222202212222122002022
202221202222012222121122221002011012222022020222222222222222120221222210110200122221121222210222202122202202002212222122022221221212222002022021222022010022122212221220010220222120220211222212122122220221222212200202
220222120222201222212112222100201101222212202022222222222222202022122221011020012222112122221022220212220220200221222212202222122121222210202202122202201002202221222122001022022212022020022221212212222022122221220020
022022212022220122221211222210020110122221220202222222222222220202212222101102101222211212222102222021222022020022122221220222212212122220020220212220220100221222122202200102202221202202012222121221222202212222122002
202202221202222012222121122221002011012222122020222222222222222020221222210110200122221121222210222202122202202002212222122022221221212222102022021222022010022122212221220010220222120220201222212122122220221222212200
020220222120222201222212112222100201101222212202022222222222222212022122221011020012222112122221022220212220220200221222212202222122121222210212202122202201002212221222122001022022212022020122221212212222022122221220
002022022212022220122221211222210020110122221220202222222222222220202202222101102001222211212222102222021222022020022122221220222212212122220021220212220220100221222122212200102202221202202002222121221222202212222122
200202202221202222012222121122221002011012222122021222222222222222020220222210110200122221121222210222202122202202002212222122022221221212222002022021222022010022022212221220010220222120220201222212122122220221222212
220020220222120222201222212112222100201101222212202022222222222222202022122221011021012222012122221022220212220220200221222212202222122121222210202202122202201002212221222022001022022212022020022221212212222022122221
122002022022212022220122221211222210020110122221220202222222222222220202202222101102001222211212222102222021222022020022122221220222212212122221020220212220220100221222122202200102202221202202002222121221222202212222
212200202202221202222012222121122221002011012222122020222222222222222120221222210110200122221121222210222202122202202002212222122022221221212222002022021222022010022122212220220010220222120220201222212122122220221222
221220020220222120222201222212112222100201101222202202022222222222222202022022221111020012222112122221022220212220220200221222212202222122121222210202202122202201002212221222122001022022212022020022221212212222022122
222122002022022212022220122221211222210120110122221220202222222222222220202202222101102001222211212222102222021222022020022122221220222212212122221020220212220220100220222122212200102202221202202002222121221222202212
222212200202202221202222012222121122221002011012222022021222222222222222020220222210110200122221121222210222202122202202002212222122022221221212222002022021222022010022022212221220010220222120220200222212122122220221
122221220020220222120222201222212112222101201101222212202022222222222222202022022221011020012222112122221022220212220220200221222212202222122121222210202202122202201002202221222122001022022212022020122221212212222022
212222122002022022212022220122221211222210020110122220220202222222222222220202212222101102101222211212222102222021222022020022122221220222212212122220021220212220220100221222122202200102202221202202012222121221222202
221222212200202202221202222012222121122221002011012222022020222222222222222020221222211110210122221121222210222202122202202002212222122022221221212222112022021222022010022122212220220010220222120221201222212122122220
022122221220020220222120222201222212112222100201101222212202022222222222222202022122221011020012222112122221022220212220220200221222212202222122121222200202202122202201002212221222122001022022212022021122221212212222
202212222122002022022212022220122221211222210020110122220220202222222222222221202212222101102001222211212222102222021222022020022122221220222212212122220020220212220220100221222122202200102202221202202012222121221222
220221222212200202202221202222012222121122221002011012222122020222222222222222020220222210110200122221121222210222202122202202002212222122022221221212222102022021222022010022022212221220010220222120220200222212122122
222022122221220020220222120222201222212112222100201101222212202122222222222222202022022221011020012222112122221022220212220220200221222212202222122121222211212202122202201002202221222122001022022212022120022221212212
222202212222122002022022212022220122221211222210020110122221220212222222222222220202202222101102001222211212222102222021222022020022122221220222212212122221120220212220220100221222122212200102202221202202012222121221
122220221222212200202202221202222012222121122221002011012222022020222222222222222020220222211110200122221121222210222202122202202002212222122022221221212222102122021222022010022022212221220010220222120221211222212122
212222022122221220020220222120222201222212112222100201101222202202022222222222222202022122221011020012222112122221022220212220220200221222212202222122121222210202202122202201002212221222022001022022212022021122221212
221222202212222122002022022212022220122221211222210020110122221220202222222222222220202202222101102001222211212222102222021222022020022122221220222212212122220120220212220220100221222122202200102202221202202012222121
122122220221222212200202202221202222012222121122221002011012222122021222222222222222020221222210110200122221121222210222202122202202002212222122022221221212222112022021222022010022122212220220010220222120221200222212
212212222022122221220020220222120222201222212112222100201101222212202022222222222222202022122221011020012222112122221022220212220220200221222212202222122121222210202202122202201002212221222022001022022212022120122221
121221222202212222122002022022212022220122221211222210020110122221220212222222222222220202212222101102001222211212222102222021222022020022122221220222212212122220020220212220220100220222122212200102202221202202012222
212122122220221222212200202202221202222012222121122221002011012222022020222222222222222020220222210110200122221121222210222202122202202002212222122022221221212222102022021222022010022022212221220010220222120220201222
221212212222022122221220020220222120222201222212112222100201101222202202022222222222222202022022221011020012222112122221022220212220220200221222212202222122121222210202202122202201002202221222122001022022212022020022
222121221222202212222122002022022212022220122221211222210120110122221220202222222222222220202212222101102001222211212222102222021222022020022122221220222212212122221020220212220220100220222122212200102202221202202102
222212122122220221222212200202202221202222012222121122221002011012222122020222222222222222120221222210110200122221121222210222202122202202002212222122022221221212222002022021222022010022122212221220010220222120220201
122221212212222022122221220020220222120222201222212112222100201101222202202022222222222222202022022221011020012222112122221022220212220220200221222212202222122121222210202202122202201002212221222122001022022212022121
012222121221222202212222122002022022212022220122221211222210020110122221220202222222222222221202202222101102001222211212222102222021222022020022122221220222212212122220020220212220220100221222122212200102202221202212
200222212122122220221222212200202202221202222012222121122221002011012222022021222222222222222020220222210110200122221121222210222202122202202002212222122022221221212222002022021222022010022122212220220010220222120220
020122221212212222022122221220020220222120222201222212112222100201101222202202022222222222222202022122221011021012222112122221022220212220220200221222212202222122121222210202202122202201002212221222022001022022212022
212102222121221222202212222122002022022212022220122221211222210020110122220220202222222222222220202202222101102101222211212222102222021222022020022122221220222212212122220020220212220220100221222122202200102202221202
220210222212122122220221222212200202202221202222012222121122221002011012222022020222222222222222020221222210110200122221121222210222202122202202002212222122022221221212222002022021222022010022122212221220010220222120
022121022221212212222022122221220020220222120222201222212112222101201111222212202022222222222222202022022221011020012222112122221022220212220220200221222212202222122121222200212202122202201002202221222122001022022212
202212002222121221222202212222122002022022212022220122221211222210020111122221220202222222222222220202202222101102001222211212222102222021222022020022122221220222212212122221020220212220220100220222122212200102202221
120221201222212122122220221222212200202202221202222012222121122221002011012222122020222222222222222120221222210110200122221121222210222202122202202002212222122022221221212222102022021222022010022022212221220010220222
212022020022221212212222022122221220020220222120222201222212112222100201101222212202022222222222222202022022221011021012222112122221022220212220220200221222212202222122121222211202202122202201002212221222022001022022
221202202012222121221222202212222122002022022212022220122221211222210020110122220220202222222222222220202212222111102001222211212222102222021222022020022122221220222212212122221021220212220220100221222122202200102202
222120220200222212122122220221222212200202202221202222012222121122221002011012222022020222222222222222020220222210110200122221121222210222202122202202002212222122022221221212222102022021222022010022122212220220010220
022212022120122221212212222022122221220020220222120222201222212112222100201101222202202022222222222222212022122221011021012222112122221022220212220220200221222212202222122121222200212202122202201002212221222022001022
202221202202012222121221222202212222122002022022212022220122221211222210020111122221220202222222222222220202202222101102001222211212222102222021222022020022122221220222212212122220020220212220220100220222122212200102
220222120220200222212122122220221222212200202202221202222012222121122221002011012222022021222222222222222020221222211110200122221121222210222202122202202002212222122022221221212222112022021222022010022022212221220010
022022212022020022221212212222022122221220020220222120222201222212112222101201101222212202022222222222222202022122221011020012222112122221022220212220220200221222212202222122121222211212202122202201002202221222122001
102202221202202012222121221222202212222122002022022212022220122221211222210020110122220220202222222222222220202212222101102001222211212222102222021222022020022122221220222212212122221021220212220220100220222122212200
010220222120221210222212122122220221222212200202202221202222002222121122221002011012222022020222222222222222120221222210110210122221121222210222202122202202002212222122022221221212222102022021222022010022122212220220
001022022212022020122221212212222022122221220020220222120222201222212112222100201101222212202122222222222222202022122221011020012222112122221022220212220220200221222212202222122121222200202202122202201002212221222022
200102202221202202002222121221222202212222122002022022212022220122221211222210020110122220220212222222222222220202202222101102001222211212222102222021222022020022122221220222212212122221020220212220220100221222122212
220010220222120220200222212122122220221222212200202202221202222012222121122221002011112222122020222222222222222020220222210110200122221121222210222202122202202002212222122022221221212222102022021222022010022122212221
122001022022212022120122221212212222022122221220020220222120222201222212112222100201101222202202022222222222222212022122221011020012222112122221022220212220220200221222212202222122121222210202202122202201002202221222
212200102202221202212012222121221222202212222122002022022212022220122221211222210020110122220220212222222222222220202202222111102001222211212222102222021222022020022122221220222212212122220121220212220220100220222122
220220010220222120220201222212122122220221222212200202202221202222002222121122221002011012222122020222222222222222020221222210110210122221121222210222202122202202002212222122022221221212222002122021222022010022122212
222122001022022212022020122221212212222022122221220020220222120222201222212112222100201101222212202122222222222222202022122221011020012222112122221022220212220220200221222212202222122121222211202202122202201002212221
