1122221222222220022100122220012222122201222222212122221221212010022122001022222222122222221212220122221222002212200222000222212222122212221222212222100222002212200222122221022212122222221222222220000220220000212122122221212222222102221222210022221001220022222222122221
1112222122222222002210012222001222212220122222221212222122121200002212200102222222212222222121222012222122200221220022200122221222212221222122221222200022200221220022212222102221212222222122222222000022022000021212212222121222222210222122221002222100022002222222212222
2111222212222222200221001222200122221222012222222121222212212120000220220000222222221222222212122201222212220022122002220012222122221222122212222122221002220022122002221222210222121222222212222222201002202200102121221222212122222221022212222100222210012200222222221222
2211122221222222220022100122220012222122201222222212122221221212000022022000022222222122222221212220122221222002212200222001222212222122212221222212222100222002212200222122221022212122222221222222220100221220000212122122221212222222102221222210022221001220022222222122
2221112222122222222002210012222001222212220122222221212222122121200002202200102222222212222222121222012222122200221220022200022221222212221222122221222210022200221220022212222102221212222222122222222010022022000021212212222121222222210222122221002222100122002222222212
2222111222212222222200221001222200122221222012222222121222212212120100220220000222222221222222212122201222212220022122002220012222122221222122212222122220002220022122002221222210222121222222212222222200002202200002121221222212122222221022212222100222210012200222222221
1222211122221222222220022100122220012222122201222222212122221221212000022122001022222222122222221212220122221222002212200222001222212222122212221222212222100222002212200222122221022212122222221222222220100220220000212122122221212222222102221222210022221001220022222222
2122221112222122222222002210012222001222212220122222221212222122121200002212200002222222212222222121222012222122200221220022200122221222212221222122221222210022200221220022212222102221212222222122222222010022022000021212212222121222222210222122221002222100122002222222
2212222111222212222222200221001222200122221222012222222121222212212120100220220010222222221222222212122201222212220022122002220002222122221222122212222122221002220022122002221222210222121222222212222222200002212200002121221222212122222221022212222100222210012200222222
2221222211122221222222220022100122220012222122201222222212122221221212000022022001022222222122222221212220122221222002212200222001222212222122212221222212222100222002212200222122221022212122222221222222220100220220000212122122221212222222102221222210022221001220022222
2222122221112222122222222002210012222001222212220122222221212222122121201002202200002222222212222222121222012222122200221220022200022221222212221222122221222210022200221220022212222102221212222222122222222000022022001021212212222121222222210222122221002222100122002222
2222212222111222212222222200220001222200122221222012222222121222212212120000220220010222222221222222212122201222212220022122002220002222122221222122212222122221002220022122002221222210222121222222212222222200002212200002121221222212122222221022212222100222210012200222
2222221222211122221222222220022000122220012222122201222222212122221221212000022122001022222222122222221212220122221222002212200222001222212222122212221222212222100222002212200222122221022212122222221222222220000220220000212122122221212222222102221222210022221001220022
2222222122221112222122222222002210012222001222212220122222221212222122121200002212200002222222212222222121222012222122200221220022200022221222212221222122221222210022200221220022212222102221212222222122222222000022022000021212212222121222222210222122221002222100122002
2222222212222111222212222222200220001222200122221222012222222121222212212120000220220010222222221222222212122201222212220022122002220012222122221222122212222122221002220022122002221222210222121222222212222222200002212200002121221222212122222221022212222100222210012200
0222222221222211122221222222220022100122220012222122201222222212122221221212000022122001022222222122222221212220122221222002212200222001222212222122212221222212222100222002212200222122221022212122222221222222220000220220000212122122221212222222102221222210022221001220
0022222222122221112222122222222002200012222001222212220122222221212222122121200002202200002222222212222222121222012222122200221220022200122221222212221222122221222200022200221220022212222102221212222222122222222000022022001021212212222121222222210222122221002222100122
2002222222212222111222212222222200221001222200122221222012222222121222212212120000221220010222222221222222212122201222212220022122002220012222122221222122212222122221002220022122002221222210222121222222212222222200002202200002121221222212122222221022212222100222210012
2200222222221222211122221222222220022100122220012222122201222222212122221221212000022022001022222222122222221212220122221222002212200222001222212222122212221222212222100222002212200222122221022212122222221222222220000221220000212122122221212222222102221222210022221001
1220022222222122221112222122222222002210012222001222212220122222221212222122121200002202200002222222212222222121222012222122200221220022200022221222212221222122221222210022200221220022212222102221212222222122222222010022022001021212212222121222222210222122221002222100
0122002222222212222111222212222222200221001222200122221222012222222121222212212120000220220000222222221222222212122201222212220022122002220012222122221222122212222122221002220022122002221222210222121222222212222222201002202200002121221222212122222221022212222100222210
0012200222222221222211122221222222220022100122220012222122201222222212122221221212000022122000022222222122222221212220122221222002212200222001222212222122212221222212222100222002212200222122221022212122222221222222220100220220000212122122221212222222102221222210022221
1001220022222222122221112222122222222002210012222001222212220122222221212222122121200002202200002222222212222222121222012222122200221220022200022221222212221222122221222210022200221220022212222102221212222222122222222000022122001021212212222121222222210222122221002222
2100122002222222212222111222212222222200221001222200122221222012222222121222212212120100220220000222222221222222212122201222212220022122002220012222122221222122212222122221002220022122002221222210222121222222212222222200002202200002121221222212122222221022212222100222
2210012200222222221222211122221222222220022000122220012222122201222222212122221221212000022022000022222222122222221212220122221222002212200222000222212222122212221222212222100222002212200222122221022212122222221222222220000220220000212122122221212222222102221222210022
2221001220022222222122221112222122222222002210012222001222212220122222221212222122121200002202200102222222212222222121222012222122200221220022200122221222212221222122221222200022200221220022212222102221212222222122222222000022022000021212212222121222222210222122221002
2222100122002222222212222111222212222222200221001222200122221222012222222121222212212120000220220000222222221222222212122201222212220022122002220012222122221222122212222122221002220022122002221222210222121222222212222222201002202200002121221222212122222221022212222100
0222210012200222222221222211122221222222220022100122220012222122201222222212122221221212000022022001022222222122222221212220122221222002212200222001222212222122212221222212222100222002212200222122221022212122222221222222220000221220000212122122221212222222102221222210
0022221001220022222222122221112222122222222002200012222001222212220122222221212222122121200002202200102222222212222222121222012222122200221220022200122221222212221222122221222210022200221220022212222102221212222222122222222000022122000021212212222121222222210222122221
1002222100122002222222212222111222212222222200220001222200122221222012222222121222212212120000220220010222222221222222212122201222212220022122002220012222122221222122212222122221002220022122002221222210222121222222212222222200002212200002121221222212122222221022212222
2100222210002200222222221222211122221222222220022100122220012222122201222222212122221221212010022022000022222222122222221212220122221222002212200222001222212222122212221222212222100222002212200222122221022212122222221222222220000220220000212122122221212222222102221222
2210022221000220022222222122221112222122222222002210012222001222212220122222221212222122121200002202200002222222212222222121222012222122200221220022200122221222212221222122221222210022200221220022212222102221212222222122222222010022122001021212212222121222222210222122
2221002222100122002222222212222111222212222222200220001222200122221222012222222121222212212120000221220000222222221222222212122201222212220022122002220002222122221222122212222122221002220022122002221222210222121222222212222222201002202200102121221222212122222221022212
2222100222210002200222222221222211122221222222220022100122220012222122201222222212122221221212010022022000022222222122222221212220122221222002212200222001222212222122212221222212222000222002212200222122221022212122222221222222220000220220000212122122221212222222102221
1222210022221001220022222222122221112222122222222002210012222001222212220122222221212222122121200002212200102222222212222222121222012222122200221220022200022221222212221222122221222210022200221220022212222102221212222222122222222000022022000021212212222121222222210222
2122221002222100022002222222212222111222212222222200221001222200122221222012222222121222212212120000220220010222222221222222212122201222212220022122002220012222122221222122212222122221002220022122002221222210222121222222212222222201002212200002121221222212122222221022
2212222100222210012200222222221222211122221222222220022100122220012222122201222222212122221221212010022122000022222222122222221212220122221222002212200222000222212222122212221222212222100222002212200222122221022212122222221222222220000220220000212122122221212222222102
2221222210022221001220022222222122221112222122222222002210012222001222212220122222221212222122121201002202200002222222212222222121222012222122200221220022200122221222212221222122221222210022200221220022212222102221212222222122222222000022022001021212212222121222222210
0222122221002222100122002222222212222111222212222222200221001222200122221222012222222121222212212120000220220010222222221222222212122201222212220022122002220012222122221222122212222122221002220022122002221222210222121222222212222222201002202200002121221222212122222221
1022212222100222210012200222222221222211122221222222220022000122220012222122201222222212122221221212000022022000022222222122222221212220122221222002212200222000222212222122212221222212222100222002212200222122221022212122222221222222220000221220010212122122221212222222
2102221222210022221001220022222222122221112222122222222002210012222001222212220122222221212222122121200002202200002222222212222222121222012222122200221220022200122221222212221222122221222210022200221220022212222102221212222222122222222000022122000021212212222121222222
2210222122221002222100122002222222212222111222212222222200221001222200122221222012222222121222212212120100220220010222222221222222212122201222212220022122002220002222122221222122212222122221002220022122002221222210222121222222212222222200002212200002121221222212122222
2221022212222100222210012200222222221222211122221222222220022000122220012222122201222222212122221221212000022022000022222222122222221212220122221222002212200222001222212222122212221222212222100222002212200222122221022212122222221222222220000221220010212122122221212222
2222102221222210022221000220022222222122221112222122222222002210012222001222212220122222221212222122121200002202200002222222212222222121222012222122200221220022200122221222212221222122221222210022200221220022212222102221212222222122222222000022122000021212212222121222
2222210222122221002222100122002222222212222111222212222222200221001222200122221222012222222121222212212120100220220000222222221222222212122201222212220022122002220012222122221222122212222122221002220022122002221222210222121222222212222222200002212200102121221222212122
2222221022212222100222210012200222222221222211122221222222220022100122220012222122201222222212122221221212000022122000022222222122222221212220122221222002212200222001222212222122212221222212222000222002212200222122221022212122222221222222220100220220010212122122221212
2222222102221222210022221001220022222222122221112222122222222002210012222001222212220122222221212222122121200002202200002222222212222222121222012222122200221220022200022221222212221222122221222210022200221220022212222102221212222222122222222010022022000021212212222121
1222222210222122221002222100022002222222212222111222212222222200221001222200122221222012222222121222212212120000220220000222222221222222212122201222212220022122002220012222122221222122212222122220002220022122002221222210222121222222212222222200002212200102121221222212
2122222221022212222100222210002200222222221222211122221222222220022100122220012222122201222222212122221221212000022122000022222222122222221212220122221222002212200222000222212222122212221222212222100222002212200222122221022212122222221222222220000220220010212122122221
1212222222102221222210022221001220022222222122221112222122222222002210012222001222212220122222221212222122121200002202200002222222212222222121222012222122200221220022200122221222212221222122221222210022200221220022212222102221212222222122222222000022022000021212212222
2121222222210222122221002222100122002222222212222111222212222222200221001222200122221222012222222121222212212120000220220000222222221222222212122201222212220022122002220012222122221222122212222122221002220022122002221222210222121222222212222222200002202200102121221222
2212122222221022212222100222210002200222222221222211122221222222220022100122220012222122201222222212122221221212000022122001022222222122222221212220122221222002212200222001222212222122212221222212222100222002212200222122221022212122222221222222220100220220000212122122
2221212222222102221222210022221001220022222222122221112222122222222002210012222001222212220122222221212222122121200002202200002222222212222222121222012222122200221220022200122221222212221222122221222200022200221220022212222102221212222222122222222000022122000021212212
2222121222222210222122221002222100122002222222212222111222212222222200221001222200122221222012222222121222212212120000220220010222222221222222212122201222212220022122002220012222122221222122212222122221002220022122002221222210222121222222212222222200002212200002121221
1222212122222221022212222100222210012200222222221222211122221222222220022100122220012222122201222222212122221221212000022022000022222222122222221212220122221222002212200222001222212222122212221222212222100222002212200222122221022212122222221222222220000220220010212122
2122221212222222102221222210022221001220022222222122221112222122222222002200012222001222212220122222221212222122121200002202200002222222212222222121222012222122200221220022200022221222212221222122221222210022200221220022212222102221212222222122222222010022122001021212
2212222121222222210222122221002222100122002222222212222111222212222222200221001222200122221222012222222121222212212120000220220000222222221222222212122201222212220022122002220012222122221222122212222122221002220022122002221222210222121222222212222222200002212200102121
1221222212122222221022212222100222210012200222222221222211122221222222220022100122220012222122201222222212122221221212000022022000022222222122222221212220122221222002212200222001222212222122212221222212222100222002212200222122221022212122222221222222220100221220010212
2122122221212222222102221222210022221000220022222222122221112222122222222002210012222001222212220122222221212222122121200002202200002222222212222222121222012222122200221220022200022221222212221222122221222210022200221220022212222102221212222222122222222000022122000021
1212212222121222222210222122221002222100122002222222212222111222212222222200220001222200122221222012222222121222212212120000220220010222222221222222212122201222212220022122002220012222122221222122212222122221002220022122002221222210222121222222212222222200002212200002
2121221222212122222221022212222100222210012200222222221222211122221222222220022000122220012222122201222222212122221221212010022022001022222222122222221212220122221222002212200222001222212222122212221222212222000222002212200222122221022212122222221222222220000220220000
0212122122221212222222102221222210022221000220022222222122221112222122222222002210012222001222212220122222221212222122121200002202200002222222212222222121222012222122200221220022200122221222212221222122221222200022200221220022212222102221212222222122222222000022022000
1021212212222121222222210222122221002222100122002222222212222111222212222222200221001222200122221222012222222121222212212120000221220000222222221222222212122201222212220022122002220002222122221222122212222122221002220022122002221222210222121222222212222222200002202200
0002121221222212122222221022212222100222210012200222222221222211122221222222220022100122220012222122201222222212122221221212000022122000022222222122222221212220122221222002212200222001222212222122212221222212222100222002212200222122221022212122222221222222220000220220
0000212122122221212222222102221222210022221001220022222222122221112222122222222002210012222001222212220122222221212222122121200002212200102222222212222222121222012222122200221220022200022221222212221222122221222210022200221220022212222102221212222222122222222000022022
2000021212212222121222222210222122221002222100122002222222212222111222212222222200221001222200122221222012222222121222212212120000221220010222222221222222212122201222212220022122002220002222122221222122212222122221002220022122002221222210222121222222212222222201002202
2200002121221222212122222221022212222100222210012200222222221222211122221222222220022100122220012222122201222222212122221221212000022022001022222222122222221212220122221222002212200222001222212222122212221222212222100222002212200222122221022212122222221222222220100220
1220010212122122221212222222102221222210022221001220022222222122221112222122222222002200012222001222212220122222221212222122121200002202200002222222212222222121222012222122200221220022200122221222212221222122221222210022200221220022212222102221212222222122222222000022
2122000021212212222121222222210222122221002222100122002222222212222111222212222222200221001222200122221222012222222121222212212120000220220000222222221222222212122201222212220022122002220012222122221222122212222122220002220022122002221222210222121222222212222222200002
2202200002121221222212122222221022212222100222210012200222222221222211122221222222220022100122220012222122201222222212122221221212000022122001022222222122222221212220122221222002212200222000222212222122212221222212222100222002212200222122221022212122222221222222220100
0220220010212122122221212222222102221222210022221001220022222222122221112222122222222002210012222001222212220122222221212222122121201002212200002222222212222222121222012222122200221220022200122221222212221222122221222210022200221220022212222102221212222222122222222000
0022022000021212212222121222222210222122221002222100122002222222212222111222212222222200221001222200122221222012222222121222212212120100220220000222222221222222212122201222212220022122002220002222122221222122212222122221002220022122002221222210222121222222212222222200
1002202200102121221222212122222221022212222100222210012200222222221222211122221222222220022100122220012222122201222222212122221221212000022022000022222222122222221212220122221222002212200222001222212222122212221222212222100222002212200222122221022212122222221222222220
0100221220000212122122221212222222102221222210022221001220022222222122221112222122222222002210012222001222212220122222221212222122121200002202200102222222212222222121222012222122200221220022200122221222212221222122221222200022200221220022212222102221212222222122222222
2000022122000021212212222121222222210222122221002222100022002222222212222111222212222222200221001222200122221222012222222121222212212120100220220010222222221222222212122201222212220022122002220012222122221222122212222122221002220022122002221222210222121222222212222222
2200002202200002121221222212122222221022212222100222210012200222222221222211122221222222220022000122220012222122201222222212122221221212000022022001022222222122222221212220122221222002212200222001222212222122212221222212222000222002212200222122221022212122222221222222
2220100220220000212122122221212222222102221222210022221001220022222222122221112222122222222002210012222001222212220122222221212222122121200002212200002222222212222222121222012222122200221220022200122221222212221222122221222210022200221220022212222102221212222222122222
2222000022022000021212212222121222222210222122221002222100122002222222212222111222212222222200221001222200122221222012222222121222212212120000221220010222222221222222212122201222212220022122002220002222122221222122212222122221002220022122002221222210222121222222212222
2222201002202200002121221222212122222221022212222100222210002200222222221222211122221222222220022100122220012222122201222222212122221221212000022122001022222222122222221212220122221222002212200222001222212222122212221222212222000222002212200222122221022212122222221222
2222220000221220000212122122221212222222102221222210022221000220022222222122221112222122222222002210012222001222212220122222221212222122121200002202200102222222212222222121222012222122200221220022200122221222212221222122221222200022200221220022212222102221212222222122
2222222010022122000021212212222121222222210222122221002222100122002222222212222111222212222222200221001222200122221222012222222121222212212120000220220000222222221222222212122201222212220022122002220012222122221222122212222122220002220022122002221222210222121222222212
2222222201002202200002121221222212122222221022212222100222210012200222222221222211122221222222220022000122220012222122201222222212122221221212000022122000022222222122222221212220122221222002212200222000222212222122212221222212222100222002212200222122221022212122222221
1222222220000221220000212122122221212222222102221222210022221001220022222222122221112222122222222002200012222001222212220122222221212222122121200002202200002222222212222222121222012222122200221220022200122221222212221222122221222210022200221220022212222102221212222222
2122222222010022022000021212212222121222222210222122221002222100122002222222212222111222212222222200221001222200122221222012222222121222212212120000220220010222222221222222212122201222212220022122002220002222122221222122212222122221002220022122002221222210222121222222
2212222222201002212200002121221222212122222221022212222100222210012200222222221222211122221222222220022100122220012222122201222222212122221221212000022022000022222222122222221212220122221222002212200222001222212222122212221222212222100222002212200222122221022212122222
2221222222220000220220010212122122221212222222102221222210022221001220022222222122221112222122222222002210012222001222212220122222221212222122121200002212200002222222212222222121222012222122200221220022200122221222212221222122221222210022200221220022212222102221212222
2222122222222010022022000021212212222121222222210222122221002222100022002222222212222111222212222222200221001222200122221222012222222121222212212120000221220000222222221222222212122201222212220022122002220012222122221222122212222122221002220022122002221222210222121222
2222212222222201002202200002121221222212122222221022212222100222210012200222222221222211122221222222220022100122220012222122201222222212122221221212000022022001022222222122222221212220122221222002212200222001222212222122212221222212222100222002212200222122221022212122
2222221222222220000221220000212122122221212222222102221222210022221001220022222222122221112222122222222002210012222001222212220122222221212222122121201002202200002222222212222222121222012222122200221220022200122221222212221222122221222210022200221220022212222102221212
2222222122222222010022022000021212212222121222222210222122221002222100122002222222212222111222212222222200221001222200122221222012222222121222212212120000221220000222222221222222212122201222212220022122002220012222122221222122212222122221002220022122002221222210222121
1222222212222222201002202200002121221222212122222221022212222100222210012200222222221222211122221222222220022100122220012222122201222222212122221221212000022122001022222222122222221212220122221222002212200222001222212222122212221222212222100222002212200222122221022212
2122222221222222220000220220000212122122221212222222102221222210022221001220022222222122221112222122222222002210012222001222212220122222221212222122121200002212200002222222212222222121222012222122200221220022200122221222212221222122221222200022200221220022212222102221
1212222222122222222000022022001021212212222121222222210222122221002222100122002222222212222111222212222222200221001222200122221222012222222121222212212120000221220000222222221222222212122201222212220022122002220002222122221222122212222122221002220022122002221222210222
2121222222212222222200002202200002121221222212122222221022212222100222210012200222222221222211122221222222220022100122220012222122201222222212122221221212010022122000022222222122222221212220122221222002212200222000222212222122212221222212222100222002212200222122221022
2212122222221222222220000220220000212122122221212222222102221222210022221000220022222222122221112222122222222002210012222001222212220122222221212222122121200002212200102222222212222222121222012222122200221220022200122221222212221222122221222210022200221220022212222102
2221212222222122222222000022022001021212212222121222222210222122221002222100122002222222212222111222212222222200220001222200122221222012222222121222212212120000220220000222222221222222212122201222212220022122002220002222122221222122212222122221002220022122002221222210
0222121222222212222222200002202200002121221222212122222221022212222100222210012200222222221222211122221222222220022000122220012222122201222222212122221221212010022022000022222222122222221212220122221222002212200222001222212222122212221222212222000222002212200222122221
1022212122222221222222220100220220000212122122221212222222102221222210022221001220022222222122221112222122222222002210012222001222212220122222221212222122121200002212200102222222212222222121222012222122200221220022200122221222212221222122221222210022200221220022212222
2102221212222222122222222000022022001021212212222121222222210222122221002222100122002222222212222111222212222222200220001222200122221222012222222121222212212120100221220000222222221222222212122201222212220022122002220012222122221222122212222122220002220022122002221222
2210222121222222212222222201002212200102121221222212122222221022212222100222210012200222222221222211122221222222220022000122220012222122201222222212122221221212000022022000022222222122222221212220122221222002212200222000222212222122212221222212222100222002212200222122
2221022212122222221222222220100220220000212122122221212222222102221222210022221000220022222222122221112222122222222002210012222001222212220122222221212222122121200002202200102222222212222222121222012222122200221220022200122221222212221222122221222200022200221220022212
2222102221212222222122222222010022122000021212212222121222222210222122221002222100022002222222212222111222212222222200221001222200122221222012222222121222212212120000220220000222222221222222212122201222212220022122002220012222122221222122212222122221002220022122002221
1222210222121222222212222222200002202200002121221222212122222221022212222100222210012200222222221222211122221222222220022100122220012222122201222222212122221221212010022122000022222222122222221212220122221222002212200222000222212222122212221222212222100222002212200222
2122221022212122222221222222220000221220010212122122221212222222102221222210022221001220022222222122221112222122222222002200012222001222212220122222221212222122121200002202200002222222212222222121222012222122200221220022200122221222212221222122221222210022200221220022
2212222102221212222222122222222000022022000021212212222121222222210222122221002222100122002222222212222111222212222222200221001222200122221222012222222121222212212120000220220010222222221222222212122201222212220022122002220012222122221222122212222122221002220022122002
2221222210222121222222212222222200002202200002121221222212122222221022212222100222210012200222222221222211122221222222220022000122220012222122201222222212122221221212010022022000022222222122222221212220122221222002212200222001222212222122212221222212222000222002212200
0222122221022212122222221222222220100220220010212122122221212222222102221222210022221001220022222222122221112222122222222002210012222001222212220122222221212222122121200002202200002222222212222222121222012222122200221220022200122221222212221222122221222210022200221220
0022212222102221212222222122222222010022022000021212212222121222222210222122221002222100122002222222212222111222212222222200220001222200122221222012222222121222212212120000221220010222222221222222212122201222212220022122002220012222122221222122212222122221002220022122
2002221222210222121222222212222222200002202200002121221222212122222221022212222100222210012200222222221222211122221222222220022100122220012222122201222222212122221221212000022122001022222222122222221212220122221222002212200222001222212222122212221222212222000222002212
2200222122221022212122222221222222220000220220000212122122221212222222102221222210022221001220022222222122221112222122222222002210012222001222212220122222221212222122121200002212200002222222212222222121222012222122200221220022200122221222212221222122221222210022200221
1220022212222102221212222222122222222010022022000021212212222121222222210222122221002222100122002222222212222111222212222222200221001222200122221222012222222121222212212120000221220000222222221222222212122201222212220022122002220012222122221222122212222122221002220022
2122002221222210222121222222212222222200002202200002121221222212122222221022212222100222210012200222222221222211122221222222220022100122220012222122201222222212122221221212000022022000022222222122222221212220122221222002212200222001222212222122212221222212222000222002
2212200222122221022212122222221222222220000221220000212122122221212222222102221222210022221001220022222222122221112222122222222002210012222001222212220122222221212222122121201002202200002222222212222222121222012222122200221220022200122221222212221222122221222200022200
0221220022212222102221212222222122222222010022022000021212212222121222222210222122221002222100122002222222212222111222212222222200221001222200122221222012222222121222212212120000220220010222222221222222212122201222212220022122002220012222122221222122212222122221002220
0022122002221222210222121222222212222222200002202200002121221222212122222221022212222100222210002200222222221222211122221222222220022100122220012222122201222222212122221221212000022122000022222222122222221212220122221222002212200222001222212222122212221222212222100222
2002212200222122221022212122222221222222220000221220000212122122221212222222102221222210022221000220022222222122221112222122222222002210012222001222212220122222221212222122121200002202200002222222212222222121222012222122200221220022200022221222212221222122221222210022
2200221220022212222102221212222222122222222000022022000021212212222121222222210222122221002222100122002222222212222111222212222222200220001222200122221222012222222121222212212120000221220000222222221222222212122201222212220022122002220012222122221222122212222122220002
2220022122002221222210222121222222212222222200002202200002121221222212122222221022212222100222210002200222222221222211122221222222220022100122220012222122201222222212122221221212010022022000022222222122222221212220122221222002212200222001222212222122212221222212222100
0222002212200222122221022212122222221222222220000221220000212122122221212222222102221222210022221000220022222222122221112222122222222002210012222001222212220122222221212222122121200002202200102222222212222222121222012222122200221220022200122221222212221222122221222210
0022200221220022212222102221212222222122222222000022022000021212212222121222222210222122221002222100122002222222212222111222212222222200220001222200122221222012222222121222212212120100221220000222222221222222212122201222212220022122002220012222122221222122212222122221
0002220022122002221222210222121222222212222222200002202200002121221222212122222221022212222100222210012200222222221222211122221222222220022000122220012222122201222222212122221221212000022022000022222222122222221212220122221222002212200222001222212222122212221222212222
2100222002212200222122221022212122222221222222220000220220000212122122221212222222102221222210022221001220022222222122221112222122222222002210012222001222212220122222221212222122121200002202200002222222212222222121222012222122200221220022200122221222212221222122221222
2210022200221220022212222102221212222222122222222000022022001021212212222121222222210222122221002222100022002222222212222111222212222222200221001222200122221222012222222121222212212120100221220000222222221222222212122201222212220022122002220012222122221222122212222122
2221002220022122002221222210222121222222212222222201002202200002121221222212122222221022212222100222210012200222222221222211122221222222220022100122220012222122201222222212122221221212000022122000022222222122222221212220122221222002212200222000222212222122212221222212
2222000222002212200222122221022212122222221222222220000220220000212122122221212222222102221222210022221000220022222222122221112222122222222002210012222001222212220122222221212222122121200002212200102222222212222222121222012222122200221220022200122221222212221222122221
1222210022200221220022212222102221212222222122222222010022022000021212212222121222222210222122221002222100122002222222212222111222212222222200220001222200122221222012222222121222212212120000221220000222222221222222212122201222212220022122002220012222122221222122212222
2122221002220022122002221222210222121222222212222222200002202200002121221222212122222221022212222100222210002200222222221222211122221222222220022100122220012222122201222222212122221221212000022022001022222222122222221212220122221222002212200222001222212222122212221222
2212222100222002212200222122221022212122222221222222220000220220000212122122221212222222102221222210022221001220022222222122221112222122222222002210012222001222212220122222221212222122121201002202200102222222212222222121222012222122200221220022200122221222212221222122
2221222200022200221220022212222102221212222222122222222000022022000021212212222121222222210222122221002222100122002222222212222111222212222222200221001222200122221222012222222121222212212120000220220000222222221222222212122201222212220022122002220012222122221222122212
2222122221002220022122002221222210222121222222212222222200002212200002121221222212122222221022212222100222210012200222222221222211122221222222220022000122220012222122201222222212122221221212000022022000022222222122222221212220122221222002212200222001222212222122212221
1222212222000222002212200222122221022212122222221222222220000221220000212122122221212222222102221222210022221001220022222222122221112222122222222002200012222001222212220122222221212222122121200002202200002222222212222222121222012222122200221220022200122221222212221222
2122221222200022200221220022212222102221212222222122222222010022122000021212212222121222222210222122221002222100122002222222212222111222212222222200220001222200122221222012222222121222212212120000220220000222222221222222212122201222212220022122002220012222122221222122
2212222122221002220022122002221222210222121222222212222222201002212200102121221222212122222221022212222100222210012200222222221222211122221222222220022100122220012222122201222222212122221221212000022022000022222222122222221212220122221222002212200222001222212222122212
2221222212222000222002212200222122221022212122222221222222220000220220010212122122221212222222102221222210022221001220022222222122221112222122222222002210012222001222212220122222221212222122121201002202200002222222212222222121222012222122200221220022200122221222212221
1222122221222210022200221220022212222102221212222222122222222000022022000021212212222121222222210222122221002222100122002222222212222111222212222222200221001222200122221222012222222121222212212120000221220000222222221222222212122201222212220022122002220002222122221222
2122212222122221002220022122002221222210222121222222212222222200002202200002121221222212122222221022212222100222210002200222222221222211122221222222220022100122220012222122201222222212122221221212010022022000022222222122222221212220122221222002212200222000222212222122
2212221222212222100222002212200222122221022212122222221222222220100221220010212122122221212222222102221222210022221001220022222222122221112222122222222002210012222001222212220122222221212222122121200002202200002222222212222222121222012222122200221220022200122221222212
2221222122221222210022200221220022212222102221212222222122222222010022122000021212212222121222222210222122221002222100122002222222212222111222212222222200221001222200122221222012222222121222212212120000220220010222222221222222212122201222212220022122002220002222122221
1222122212222122221002220022122002221222210222121222222212222222201002202200002121221222212122222221022212222100222210002200222222221222211122221222222220022100122220012222122201222222212122221221212000022122000022222222122222221212220122221222002212200222000222212222
2122212221222212222000222002212200222122221022212122222221222222220000220220000212122122221212222222102221222210022221000220022222222122221112222122222222002210012222001222212220122222221212222122121200002202200002222222212222222121222012222122200221220022200122221222
2212221222122221222210022200221220022212222102221212222222122222222000022022000021212212222121222222210222122221002222100122002222222212222111222212222222200221001222200122221222012222222121222212212120000221220000222222221222222212122201222212220022122002220012222122
2221222122212222122221002220022122002221222210222121222222212222222201002202200002121221222212122222221022212222100222210012200222222221222211122221222222220022100122220012222122201222222212122221221212000022022000022222222122222221212220122221222002212200222001222212
2222122212221222212222000222002212200222122221022212122222221222222220000220220000212122122221212222222102221222210022221001220022222222122221112222122222222002200012222001222212220122222221212222122121200002202200102222222212222222121222012222122200221220022200122221
1222212221222122221222210022200221220022212222102221212222222122222222000022122000021212212222121222222210222122221002222100122002222222212222111222212222222200220001222200122221222012222222121222212212120000220220010222222221222222212122201222212220022122002220002222
2122221222122212222122220002220022122002221222210222121222222212222222200002212200002121221222212122222221022212222100222210002200222222221222211122221222222220022100122220012222122201222222212122221221212000022022000022222222122222221212220122221222002212200222001222
2212222122212221222212222100222002212200222122221022212122222221222222220100221220000212122122221212222222102221222210022221001220022222222122221112222122222222002210012222001222212220122222221212222122121200002202200102222222212222222121222012222122200221220022200122
2221222212221222122221222210022200221220022212222102221212222222122222222010022022000021212212222121222222210222122221002222100122002222222212222111222212222222200221001222200122221222012222222121222212212120000220220010222222221222222212122201222212220022122002220002
2222122221222122212222122221002220022122002221222210222121222222212222222201002202200002121221222212122222221022212222100222210012200222222221222211122221222222220022100122220012222122201222222212122221221212000022022001022222222122222221212220122221222002212200222001
1222212222122212221222212222100222002212200222122221022212122222221222222220000221220000212122122221212222222102221222210022221000220022222222122221112222122222222002210012222001222212220122222221212222122121200002202200102222222212222222121222012222122200221220022200
0022221222212221222122221222210022200221220022212222102221212222222122222222010022022000021212212222121222222210222122221002222100022002222222212222111222212222222200221001222200122221222012222222121222212212120000221220000222222221222222212122201222212220022122002220
0012222122221222122212222122221002220022122002221222210222121222222212222222201002202200102121221222212122222221022212222100222210002200222222221222211122221222222220022100122220012222122201222222212122221221212000022122000022222222122222221212220122221222002212200222
2001222212222122212221222212222100222002212200222122221022212122222221222222220100220220000212122122221212222222102221222210022221001220022222222122221112222122222222002210012222001222212220122222221212222122121200002212200102222222212222222121222012222122200221220022
2200122221222212221222122221222200022200221220022212222102221212222222122222222000022122000021212212222121222222210222122221002222100122002222222212222111222212222222200221001222200122221222012222222121222212212120000220220000222222221222222212122201222212220022122002
2220002222122221222122212222122221002220022122002221222210222121222222212222222200002212200002121221222212122222221022212222100222210012200222222221222211122221222222220022000122220012222122201222222212122221221212000022022000022222222122222221212220122221222002212200
0222001222212222122212221222212222000222002212200222122221022212122222221222222220000220220000212122122221212222222102221222210022221001220022222222122221112222122222222002200012222001222212220122222221212222122121200002212200102222222212222222121222012222122200221220
0022200122221222212221222122221222210022200221220022212222102221212222222122222222010022022001021212212222121222222210222122221002222100122002222222212222111222212222222200221001222200122221222012222222121222212212120000221220000222222221222222212122201222212220022122
2002220012222122221222122212222122220002220022122002221222210222121222222212222222200002212200002121221222212122222221022212222100222210012200222222221222211122221222222220022100122220012222122201222222212122221221212000022022000022222222122222221212220122221222002212
2200222001222212222122212221222212222100222002212200222122221022212122222221222222220000221220000212122122221212222222102221222210022221001220022222222122221112222122222222002210012222001222212220122222221212222122121201002202200002222222212222222121222012222122200221
1220022200122221222212221222122221222210022200221220022212222102221212222222122222222000022122001021212212222121222222210222122221002222100122002222222212222111222212222222200221001222200122221222012222222121222212212120100220220000222222221222222212122201222212220022
2122002220012222122221222122212222122220002220022122002221222210222121222222212222222201002212200002121221222212122222221022212222100222210012200222222221222211122221222222220022000122220012222122201222222212122221221212000022022001022222222122222221212220122221222002
2212200222001222212222122212221222212222100222002212200222122221022212122222221222222220000221220010212122122221212222222102221222210022221001220022222222122221112222122222222002210012222001222212220122222221212222122121200002202200002222222212222222121222012222122200
0221220022200122221222212221222122221222200022200221220022212222102221212222222122222222000022122000021212212222121222222210222122221002222100022002222222212222111222212222222200221001222200122221222012222222121222212212120000220220000222222221222222212122201222212220
0022122002220012222122221222122212222122221002220022122002221222210222121222222212222222201002202200002121221222212122222221022212222100222210002200222222221222211122221222222220022100122220012222122201222222212122221221212000022022001022222222122222221212220122221222
2002212200222001222212222122212221222212222100222002212200222122221022212122222221222222220000220220000212122122221212222222102221222210022221001220022222222122221112222122222222002210012222001222212220122222221212222122121201002202200002222222212222222121222012222122
2200221220022200022221222212221222122221222210022200221220022212222102221212222222122222222000022122001021212212222121222222210222122221002222100122002222222212222111222212222222200221001222200122221222012222222121222212212120100220220000222222221222222212122201222212
2220022122002220012222122221222122212222122221002220022122002221222210222121222222212222222200002212200002121221222212122222221022212222100222210012200222222221222211122221222222220022100122220012222122201222222212122221221212000022022000022222222122222221212220122221
1222002212200222001222212222122212221222212222000222002212200222122221022212122222221222222220100220220000212122122221212222222102221222210022221001220022222222122221112222122222222002210012222001222212220122222221212222122121200002202200002222222212222222121222012222
2122200221220022200122221222212221222122221222210022200221220022212222102221212222222122222222000022022001021212212222121222222210222122221002222100122002222222212222111222212222222200220001222200122221222012222222121222212212120000221220000222222221222222212122201222
2212220022122002220012222122221222122212222122220002220022122002221222210222121222222212222222200002202200002121221222212122222221022212222100222210012200222222221222211122221222222220022100122220012222122201222222212122221221212010022122001022222222122222221212220122
2221222002212200222001222212222122212221222212222100222002212200222122221022212122222221222222220100221220000212122122221212222222102221222210022221001220022222222122221112222122222222002210012222001222212220122222221212222122121200002202200002222222212222222121222012
2222122200221220022200122221222212221222122221222210022200221220022212222102221212222222122222222000022022000021212212222121222222210222122221002222100122002222222212222111222212222222200220001222200122221222012222222121222212212120000221220000222222221222222212122201
1222212220022122002220012222122221222122212222122221002220022122002221222210222121222222212222222200002202200002121221222212122222221022212222100222210012200222222221222211122221222222220022100122220012222122201222222212122221221212010022122000022222222122222221212220
0122221222002212200222001222212222122212221222212222100222002212200222122221022212122222221222222220100220220000212122122221212222222102221222210022221000220022222222122221112222122222222002210012222001222212220122222221212222122121200002212200002222222212222222121222
2012222122200221220022200022221222212221222122221222210022200221220022212222102221212222222122222222000022022000021212212222121222222210222122221002222100022002222222212222111222212222222200221001222200122221222012222222121222212212120100220220000222222221222222212122
2201222212220022122002220012222122221222122212222122221002220022122002221222210222121222222212222222200002212200102121221222212122222221022212222100222210012200222222221222211122221222222220022100122220012222122201222222212122221221212010022022000022222222122222221212
2220122221222002212200222001222212222122212221222212222000222002212200222122221022212122222221222222220000221220000212122122221212222222102221222210022221001220022222222122221112222122222222002210012222001222212220122222221212222122121201002202200102222222212222222121
1222012222122200221220022200122221222212221222122221222210022200221220022212222102221212222222122222222010022122000021212212222121222222210222122221002222100122002222222212222111222212222222200220001222200122221222012222222121222212212120000220220000222222221222222212
2122201222212220022122002220012222122221222122212222122221002220022122002221222210222121222222212222222200002212200002121221222212122222221022212222100222210012200222222221222211122221222222220022100122220012222122201222222212122221221212000022022000022222222122222221
1212220122221222002212200222001222212222122212221222212222000222002212200222122221022212122222221222222220000220220000212122122221212222222102221222210022221000220022222222122221112222122222222002210012222001222212220122222221212222122121200002202200002222222212222222
2121222012222122200221220022200122221222212221222122221222210022200221220022212222102221212222222122222222010022022001021212212222121222222210222122221002222100122002222222212222111222212222222200221001222200122221222012222222121222212212120000221220000222222221222222
2212122201222212220022122002220012222122221222122212222122221002220022122002221222210222121222222212222222201002202200002121221222212122222221022212222100222210012200222222221222211122221222222220022100122220012222122201222222212122221221212000022022000022222222122222
2221212220122221222002212200222000222212222122212221222212222100222002212200222122221022212122222221222222220000221220010212122122221212222222102221222210022221001220022222222122221112222122222222002210012222001222212220122222221212222122121201002202200002222222212222
2222121222012222122200221220022200122221222212221222122221222200022200221220022212222102221212222222122222222000022022000021212212222121222222210222122221002222100122002222222212222111222212222222200221001222200122221222012222222121222212212120100221220000222222221222
2222212122201222212220022122002220012222122221222122212222122221002220022122002221222210222121222222212222222200002212200002121221222212122222221022212222100222210012200222222221222211122221222222220022100122220012222122201222222212122221221212000022022000022222222122
2222221212220122221222002212200222001222212222122212221222212222000222002212200222122221022212122222221222222220000220220010212122122221212222222102221222210022221001220022222222122221112222122222222002210012222001222212220122222221212222122121200002212200002222222212
2222222121222012222122200221220022200122221222212221222122221222200022200221220022212222102221212222222122222222010022022000021212212222121222222210222122221002222100122002222222212222111222212222222200221001222200122221222012222222121222212212120000220220010222222221
1222222212122201222212220022122002220012222122221222122212222122221002220022122002221222210222121222222212222222200002212200002121221222212122222221022212222100222210002200222222221222211122221222222220022100122220012222122201222222212122221221212000022022000022222222
2122222221212220122221222002212200222001222212222122212221222212222100222002212200222122221022212122222221222222220000220220000212122122221212222222102221222210022221001220022222222122221112222122222222002210012222001222212220122222221212222122121201002202200102222222
2212222222121222012222122200221220022200122221222212221222122221222210022200221220022212222102221212222222122222222000022022000021212212222121222222210222122221002222100122002222222212222111222212222222200221001222200122221222012222222121222212212120100220220000222222
2221222222212122201222212220022122002220012222122221222122212222122220002220022122002221222210222121222222212222222200002212200102121221222212122222221022212222100222210002200222222221222211122221222222220022100122220012222122201222222212122221221212000022022000022222
2222122222221212220122221222002212200222001222212222122212221222212222100222002212200222122221022212122222221222222220100221220000212122122221212222222102221222210022221001220022222222122221112222122222222002210012222001222212220122222221212222122121200002202200002222
2222212222222121222012222122200221220022200122221222212221222122221222200022200221220022212222102221212222222122222222000022122000021212212222121222222210222122221002222100122002222222212222111222212222222200220001222200122221222012222222121222212212120000220220000222
2222221222222212122201222212220022122002220012222122221222122212222122221002220022122002221222210222121222222212222222200002212200002121221222212122222221022212222100222210012200222222221222211122221222222220022100122220012222122201222222212122221221212000022022000022
2222222122222221212220122221222002212200222000222212222122212221222212222100222002212200222122221022212122222221222222220000220220000212122122221212222222102221222210022221001220022222222122221112222122222222002210012222001222212220122222221212222122121201002202200002
2222222212222222121222012222122200221220022200122221222212221222122221222210022200221220022212222102221212222222122222222000022022000021212212222121222222210222122221002222100122002222222212222111222212222222200221001222200122221222012222222121222212212120100221220010
0222222221222222212122201222212220022122002220002222122221222122212222122221002220022122002221222210222121222222212222222200002202200102121221222212122222221022212222100222210002200222222221222211122221222222220022100122220012222122201222222212122221221212000022122000
0022222222122222221212220122221222002212200222001222212222122212221222212222100222002212200222122221022212122222221222222220100220220000212122122221212222222102221222210022221001220022222222122221112222122222222002210012222001222212220122222221212222122121200002202200
0002222222212222222121222012222122200221220022200122221222212221222122221222200022200221220022212222102221212222222122222222000022022001021212212222121222222210222122221002222100122002222222212222111222212222222200221001222200122221222012222222121222212212120000220220
0010222222221222222212122201222212220022122002220012222122221222122212222122221002220022122002221222210222121222222212222222201002202200002121221222212122222221022212222100222210012200222222221222211122221222222220022100122220012222122201222222212122221221212000022022
2001022222222122222221212220122221222002212200222001222212222122212221222212222100222002212200222122221022212122222221222222220100220220000212122122221212222222102221222210022221001220022222222122221112222122222222002210012222001222212220122222221212222122121200002202
2200102222222212222222121222012222122200221220022200022221222212221222122221222210022200221220022212222102221212222222122222222000022022000021212212222121222222210222122221002222100122002222222212222111222212222222200220001222200122221222012222222121222212212120000220
0220000222222221222222212122201222212220022122002220012222122221222122212222122220002220022122002221222210222121222222212222222200002212200002121221222212122222221022212222100222210012200222222221222211122221222222220022100122220012222122201222222212122221221212010022
2022001022222222122222221212220122221222002212200222001222212222122212221222212222100222002212200222122221022212122222221222222220000220220000212122122221212222222102221222210022221001220022222222122221112222122222222002210012222001222212220122222221212222122121201002
2202200102222222212222222121222012222122200221220022200122221222212221222122221222200022200221220022212222102221212222222122222222000022022000021212212222121222222210222122221002222100122002222222212222111222212222222200221001222200122221222012222222121222212212120000
0221220000222222221222222212122201222212220022122002220012222122221222122212222122221002220022122002221222210222121222222212222222200002202200002121221222212122222221022212222100222210012200222222221222211122221222222220022000122220012222122201222222212122221221212010
0022022001022222222122222221212220122221222002212200222001222212222122212221222212222100222002212200222122221022212122222221222222220000221220000212122122221212222222102221222210022221001220022222222122221112222122222222002200012222001222212220122222221212222122121200
0002202200002222222212222222121222012222122200221220022200122221222212221222122221222210022200221220022212222102221212222222122222222000022022000021212212222121222222210222122221002222100122002222222212222111222212222222200221001222200122221222012222222121222212212120
0000220220000222222221222222212122201222212220022122002220012222122221222122212222122221002220022122002221222210222121222222212222222200002212200002121221222212122222221022212222100222210012200222222221222211122221222222220022000122220012222122201222222212122221221212
2010022022000022222222122222221212220122221222002212200222000222212222122212221222212222100222002212200222122221022212122222221222222220000220220000212122122221212222222102221222210022221001220022222222122221112222122222222002210012222001222212220122222221212222122121
1200002212200002222222212222222121222012222122200221220022200022221222212221222122221222210022200221220022212222102221212222222122222222010022022000021212212222121222222210222122221002222100122002222222212222111222212222222200221001222200122221222012222222121222212212
2120000220220000222222221222222212122201222212220022122002220012222122221222122212222122221002220022122002221222210222121222222212222222200002202200002121221222212122222221022212222100222210002200222222221222211122221222222220022100122220012222122201222222212122221221
1212000022022000022222222122222221212220122221222002212200222001222212222122212221222212222100222002212200222122221022212122222221222222220000220220000212122122221212222222102221222210022221001220022222222122221112222122222222002210012222001222212220122222221212222122
2121200002212200002222222212222222121222012222122200221220022200122221222212221222122221222200022200221220022212222102221212222222122222222000022022000021212212222121222222210222122221002222100122002222222212222111222212222222200221001222200122221222012222222121222212
2212120000220220000222222221222222212122201222212220022122002220012222122221222122212222122220002220022122002221222210222121222222212222222200002202200002121221222212122222221022212222100222210012200222222221222211122221222222220022100122220012222122201222222212122221
1221212000022022000022222222122222221212220122221222002212200222001222212222122212221222212222100222002212200222122221022212122222221222222220100220220000212122122221212222222102221222210022221001220022222222122221112222122222222002210012222001222212220122222221212222
2122121200002212200102222222212222222121222012222122200221220022200122221222212221222122221222200022200221220022212222102221212222222122222222010022022000021212212222121222222210222122221002222100122002222222212222111222212222222200221001222200122221222012222222121222
2212212120100220220010222222221222222212122201222212220022122002220002222122221222122212222122221002220022122002221222210222121222222212222222200002212200002121221222212122222221022212222100222210012200222222221222211122221222222220022100122220012222122201222222212122
2221221212000022022001022222222122222221212220122221222002212200222001222212222122212221222212222100222002212200222122221022212122222221222222220100221220000212122122221212222222102221222210022221001220022222222122221112222122222222002210012222001222212220122222221212
2222122121200002202200002222222212222222121222012222122200221220022200122221222212221222122221222210022200221220022212222102221212222222122222222010022122000021212212222121222222210222122221002222100122002222222212222111222212222222200220001222200122221222012222222121
1222212212120000221220000222222221222222212122201222212220022122002220012222122221222122212222122220002220022122002221222210222121222222212222222201002202200102121221222212122222221022212222100222210002200222222221222211122221222222220022100122220012222122201222222212
2122221221212000022022000022222222122222221212220122221222002212200222001222212222122212221222212222100222002212200222122221022212122222221222222220100220220010212122122221212222222102221222210022221001220022222222122221112222122222222002210012222001222212220122222221
1212222122121200002202200002222222212222222121222012222122200221220022200022221222212221222122221222210022200221220022212222102221212222222122222222000022122000021212212222121222222210222122221002222100122002222222212222111222212222222200221001222200122221222012222222
2121222212212120100220220010222222221222222212122201222212220022122002220012222122221222122212222122220002220022122002221222210222121222222212222222200002212200002121221222212122222221022212222100222210012200222222221222211122221222222220022100122220012222122201222222
2212122221221212000022122000022222222122222221212220122221222002212200222000222212222122212221222212222100222002212200222122221022212122222221222222220100220220000212122122221212222222102221222210022221000220022222222122221112222122222222002210012222001222212220122222
2221212222122121200002202200002222222212222222121222012222122200221220022200122221222212221222122221222210022200221220022212222102221212222222122222222000022022000021212212222121222222210222122221002222100022002222222212222111222212222222200221001222200122221222012222
2222121222212212120100220220000222222221222222212122201222212220022122002220012222122221222122212222122221002220022122002221222210222121222222212222222200002202200102121221222212122222221022212222100222210012200222222221222211122221222222220022100122220012222122201222
2222212122221221212000022022000022222222122222221212220122221222002212200222000222212222122212221222212222100222002212200222122221022212122222221222222220100220220010212122122221212222222102221222210022221000220022222222122221112222122222222002210012222001222212220122
2222221212222122121200002202200102222222212222222121222012222122200221220022200022221222212221222122221222210022200221220022212222102221212222222122222222000022022000021212212222121222222210222122221002222100122002222222212222111222212222222200220001222200122221222012
2222222121222212212120100221220010222222221222222212122201222212220022122002220002222122221222122212222122221002220022122002221222210222121222222212222222200002202200002121221222212122222221022212222100222210012200222222221222211122221222222220022000122220012222122201
1222222212122221221212000022122000022222222122222221212220122221222002212200222001222212222122212221222212222100222002212200222122221022212122222221222222220000220220000212122122221212222222102221222210022221001220022222222122221112222122222222002210012222001222212220
0122222221212222122121200002212200002222222212222222121222012222122200221220022200122221222212221222122221222210022200221220022212222102221212222222122222222000022022001021212212222121222222210222122221002222100122002222222212222111222212222222200221001222200122221222
2012222222121222212212120000220220010222222221222222212122201222212220022122002220012222122221222122212222122221002220022122002221222210222121222222212222222201002202200002121221222212122222221022212222100222210012200222222221222211122221222222220022100122220012222122
2201222222212122221221212000022122000022222222122222221212220122221222002212200222001222212222122212221222212222100222002212200222122221022212122222221222222220000220220000212122122221212222222102221222210022221001220022222222122221112222122222222002210012222001222212
2220122222221212222122121200002202200002222222212222222121222012222122200221220022200122221222212221222122221222210022200221220022212222102221212222222122222222000022022001021212212222121222222210222122221002222100122002222222212222111222212222222200220001222200122221
1222012222222121222212212120000220220010222222221222222212122201222212220022122002220012222122221222122212222122221002220022122002221222210222121222222212222222201002212200002121221222212122222221022212222100222210012200222222221222211122221222222220022100122220012222
2122201222222212122221221212000022022000022222222122222221212220122221222002212200222001222212222122212221222212222000222002212200222122221022212122222221222222220000221220010212122122221212222222102221222210022221001220022222222122221112222122222222002210012222001222
2212220122222221212222122121200002212200002222222212222222121222012222122200221220022200122221222212221222122221222210022200221220022212222102221212222222122222222000022022001021212212222121222222210222122221002222100122002222222212222111222212222222200220001222200122
2221222012222222121222212212120100220220000222222221222222212122201222212220022122002220012222122221222122212222122221002220022122002221222210222121222222212222222200002212200102121221222212122222221022212222100222210002200222222221222211122221222222220022100122220012
2222122201222222212122221221212010022022000022222222122222221212220122221222002212200222001222212222122212221222212222100222002212200222122221022212122222221222222220000221220000212122122221212222222102221222210022221001220022222222122221112222122222222002210012222001
1222212220122222221212222122121200002202200002222222212222222121222012222122200221220022200022221222212221222122221222210022200221220022212222102221212222222122222222000022122000021212212222121222222210222122221002222100122002222222212222111222212222222200220001222200
0122221222012222222121222212212120000221220000222222221222222212122201222212220022122002220012222122221222122212222122221002220022122002221222210222121222222212222222201002202200002121221222212122222221022212222100222210012200222222221222211122221222222220022000122220
0012222122201222222212122221221212000022122001022222222122222221212220122221222002212200222001222212222122212221222212222100222002212200222122221022212122222221222222220000220220000212122122221212222222102221222210022221001220022222222122221112222122222222002210012222
2001222212220122222221212222122121200002212200102222222212222222121222012222122200221220022200122221222212221222122221222210022200221220022212222102221212222222122222222000022022000021212212222121222222210222122221002222100122002222222212222111222212222222200221001222
2200122221222012222222121222212212120100221220000222222221222222212122201222212220022122002220012222122221222122212222122220002220022122002221222210222121222222212222222200002202200102121221222212122222221022212222100222210012200222222221222211122221222222220022000122
2220012222122201222222212122221221212000022122000022222222122222221212220122221222002212200222000222212222122212221222212222100222002212200222122221022212122222221222222220000220220010212122122221212222222102221222210022221001220022222222122221112222122222222002200012
2222001222212220122222221212222122121201002212200002222222212222222121222012222122200221220022200122221222212221222122221222210022200221220022212222102221212222222122222222000022022000021212212222121222222210222122221002222100122002222222212222111222212222222200220001
1222200122221222012222222121222212212120000220220000222222221222222212122201222212220022122002220002222122221222122212222122221002220022122002221222210222121222222212222222200002212200002121221222212122222221022212222100222210002200222222221222211122221222222220022100
0122220012222122201222222212122221221212000022022001022222222122222221212220122221222002212200222001222212222122212221222212222100222002212200222122221022212122222221222222220100220220000212122122221212222222102221222210022221000220022222222122221112222122222222002210
0012222001222212220122222221212222122121201002212200002222222212222222121222012222122200221220022200022221222212221222122221222210022200221220022212222102221212222222122222222000022022000021212212222121222222210222122221002222100122002222222212222111222212222222200221
1001222200122221222012222222121222212212120000220220000222222221222222212122201222212220022122002220012222122221222122212222122221002220022122002221222210222121222222212222222200002212200102121221222212122222221022212222100222210012200222222221222211122221222222220022
2000122220012222122201222222212122221221212010022022000022222222122222221212220122221222002212200222001222212222122212221222212222100222002212200222122221022212122222221222222220000220220010212122122221212222222102221222210022221001220022222222122221112222122222222002
2210012222001222212220122222221212222122121201002202200102222222212222222121222012222122200221220022200122221222212221222122221222210022200221220022212222102221212222222122222222000022122000021212212222121222222210222122221002222100122002222222212222111222212222222200
0221001222200122221222012222222121222212212120000220220000222222221222222212122201222212220022122002220012222122221222122212222122221002220022122002221222210222121222222212222222200002202200002121221222212122222221022212222100222210002200222222221222211122221222222220
0022100122220012222122201222222212122221221212010022122001022222222122222221212220122221222002212200222000222212222122212221222212222100222002212200222122221022212122222221222222220000220220000212122122221212222222102221222210022221001220022222222122221112222122222222
2002210012222001222212220122222221212222122121201002212200002222222212222222121222012222122200221220022200122221222212221222122221222200022200221220022212222102221212222222122222222000022022000021212212222121222222210222122221002222100122002222222212222111222212222222
2200221001222200122221222012222222121222212212120000220220000222222221222222212122201222212220022122002220012222122221222122212222122220002220022122002221222210222121222222212222222200002202200102121221222212122222221022212222100222210002200222222221222211122221222222
2220022100122220012222122201222222212122221221212010022122000022222222122222221212220122221222002212200222000222212222122212221222212222100222002212200222122221022212122222221222222220000220220010212122122221212222222102221222210022221001220022222222122221112222122222
2222002210012222001222212220122222221212222122121200002212200002222222212222222121222012222122200221220022200122221222212221222122221222200022200221220022212222102221212222222122222222010022022000021212212222121222222210222122221002222100122002222222212222111222212222
2222200221001222200122221222012222222121222212212120000221220000222222221222222212122201222212220022122002220012222122221222122212222122220002220022122002221222210222121222222212222222200002202200002121221222212122222221022212222100222210002200222222221222211122221222
2222220022100122220012222122201222222212122221221212000022122000022222222122222221212220122221222002212200222000222212222122212221222212222100222002212200222122221022212122222221222222220100220220000212122122221212222222102221222210022221000220022222222122221112222122
2222222002210012222001222212220122222221212222122121201002212200002222222212222222121222012222122200221220022200022221222212221222122221222210022200221220022212222102221212222222122222222000022022000021212212222121222222210222122221002222100122002222222212222111222212
2222222200221001222200122221222012222222121222212212120100220220010222222221222222212122201222212220022122002220012222122221222122212222122221002220022122002221222210222121222222212222222200002212200002121221222212122222221022212222100222210012200222222221222211122221
1222222220022100122220012222122201222222212122221221212010022022001022222222122222221212220122221222002212200222001222212222122212221222212222100222002212200222122221022212122222221222222220000221220000212122122221212222222102221222210022221000220022222222122221112222
2122222222002210012222001222212220122222221212222122121201002202200002222222212222222121222012222122200221220022200122221222212221222122221222200022200221220022212222102221212222222122222222000022022001021212212222121222222210222122221002222100022002222222212222111222
2212222222200221001222200122221222012222222121222212212120000220220000222222221222222212122201222212220022122002220002222122221222122212222122221002220022122002221222210222121222222212222222200002202200102121221222212122222221022212222100222210002200222222221222211122
2221222222220022100122220012222122201222222212122221221212000022022001022222222122222221212220122221222002212200222001222212222122212221222212222100222002212200222122221022212122222221222222220000220220000212122122221212222222102221222210022221001220022222222122221112
2222122222222002210012222001222212220122222221212222122121200002202200002222222212222222121222012222122200221220022200122221222212221222122221222200022200221220022212222102221212222222122222222010022022001021212212222121222222210222122221002222100122002222222212222111
1222212222222200221001222200122221222012222222121222212212120000220220000222222221222222212122201222212220022122002220012222122221222122212222122221002220022122002221222210222121222222212222222200002202200002121221222212122222221022212222100222210012200222222221222211
