1010211022222212202020221122120212211222222202010222222102022202012222020212211202220112222222212202222212211020202112222020222010202220201222222010202222222112212021221222020212222222220112010
0101221102222222220202022212212021221122222220201022222210202220201022202021221120202011221222220220222222221102020211221202022201021222020122222201020222222211221202122122202020222222222010221
1010122110222222122020202221221202122112222222020102222221020222020102220202122112020201122222222122022222122110222021122220202220102022202012222221102122222221122120212212220202022222222201020
0101012211022222020202020221122120212211222222212010222222122022202010222020202211202020112222222212202222222211020202112212020222012202220201222222010202222222112212021221222020211222222220102
2210101220102222222220202022212212021221122222221201022222210202220201122202021221120202011221222220220222221221102020211221202022201022222020122222201020222222211221202122122202020221222222011
1221010102010222222122020202221221202122112222222120112222221222222020102220202222102020201122122222022022222122110202021122120202221102122202012222220102022222221122120212212220202022222222201
1122101010201022222212212020221122120212211222222202010222222102022202010222020212211202220112222222202202222222211020202112212020222110202220201222222010212222222112212021221122020202222222220
0112210101021102222221220202022212212021221122222220201022222210202220201022202022221120202011221222220221222222221102020211221202022201020222020122222201021222222211221202122122202022222222222
2011201010122110222222221020202211221202122112222222020102222221020222120102220202122112020201122222222122022222122110202021122120202220102022202012222220102122222221122120212212220202022222222
2201020101010211022222210202020221122120212211222222212010222222122022202010222020202211202020112222222212212222222211020202112222020222010202220221222222010202222222112212021221122020201222222
2220102010101221102222222220202022212212021221122222220201022222210202220201022222021221120202011222222221220222222221102020211222202022221020222020122222201020222222211221202122122202021122222
2222010221010102010222222122120202221221202122112222222120112222221020222020122220202122112020201122122222022022222122110202021122120202221102122202012222220102122222221122120212212220202022222
2222201120101010211022222222202020222122120212211222222202011222222102022202012222020212211202020112212222202212222222211022202112212020222110202220201222222010202222222112212021221122020201222
2222220112210101220102222222220202022112212021221122222220201022222210202220201122222021221120202011222222220220222222221102020211221202022211020222020122222201020222222211221202122122202020122
1222222011201010102010222222222020202211221202122112222222120102222221222222020102222202122112020201122222222122022222222110202021122120202220102022222012222220102122222221122120212212220202122
2222222201120101012201022222220202020221122120212211222222212010222222102022202210222020222211202020112222222212202222212211022202112212020222010202220201222222010202222222112212021221222020201
2210222220102210101020102222222222202022112212021221122222220201022222210202222221020202022221120202011222222220221222222221102020211221202022201020222020122222201020222222221221202122112202020
0222222222011201010102010222222122020202211221202122112222222020102222221020222020112222202122112020201122222222122022222122110202021122120202220102022202212222220102122222221122120212212220202
2020222222201022101010211022222222212020222122120212211222222202010222222102022202012222020222211202020112212222202212222222211020202112212020222010202220201222222010202222222112212021221122020
0202212222220102010101020102222222210202022212212021221122222220201022222210202220221220202021221120222011221222220221222222221102020211221202022201220222020122222201020222222211221202122122202
2020221222222010201010102110222222222020202211221202122112222222020102222221020222020112220202222112020201122222222122022222122110202021122220202020102022202012222220102022222221122120212212220
0202022122222201020101012211022222220122020221122120212211222222202010222222102222202010222020212211202020112222222212202222222211020202112222020222010202220201222222010212222222112212021221222
2020202222222220102010101021102222221220202022212212021221122222220201022222210202220201022202021221120202011221222220221222222221102020211221202022211220222020122222201020222222211221202122112
2202021221222222011201010102010222222222020202221221202122112222222120122222221020222120102220202122112020201122222222122022222222110202021122220202220102022202012222220102022222221122120212212
1220202010222222201022101010201022222212202020222122120212211222222202011222222102022202010202020212211202020112212222202212222222211020202212222020222010222220221222222010202222222212212021221
1222020202212222220112010101021102222222220202022212212021221122222220201022222210222220201022202021221120202011221222220221222222221102020211222202022211020222022122222201020222222211221202122
2122202020222222222011201010102010222222102020222221221202122112222222120102222221220222020102220202122112020201122222222122022222222120202021122120202220102022202212222220102122222221022120212
2211220202022222222201120101010211022222222102020222222120212211222222202010222222102222202010222020212211202020112222222202212222222211020202112222020222010202220201222222010202222222212212021
1221222020212222222220102010101021102222221220202022212212021221122222221201022222210222220201022202021221120202011221222220220222222221102220211221202022221020222022122222211021222222211221202
2122122202020222222222010201012122010222222221020202211221202122112222222020102222221020222020102220202222112020201122222222122022222122110202021122120202020102022202012222220102022222221122120
0212211220202020222222201120121010201022222222212020222122120212211222222212010222222122022202010222020212211202020112212222202212222222211020202112212020222010202220221222222010212222222112212
2021221222020202212222220102010101020202222222220202022112212021221122222221201022222210202220201022202020221120202011222222221221222222221102020211221202022201020222020122222201020222222211221
1202122112202020222222222011221010102110222222122120202211221202122112222222020102222221020222020102220202122112020201122222222022122222222110202021122120202220102022222212222220102122222221122
2120212211220202222222222201120101010211022222212202020222122120212211222222212010222222102222202010222020222211202220112222222212202222222211020202112212020222010202220201222222010212222222112
2212021221222020202222222220102010101021102222221220202022212212021221122222220201122222212202220201022202021221120202011222222220221222222221102020211221202022201021222020122222201020222222211
1221202122122202021122222222010201010122010222220102220202221221202122112222222020122222221020222022112220202122112020201122222222102022222222110202021122120202022102022202012222220102022222221
1122120212212220202020122222201020101010201022222222102020222122120212211222222202010222222102022202012222020212211202220112222222212212222222211020202112202020202210202222201222222010212222222
2112212021221122020201222222220212010101022102222221220202022212212021221122222220201022222210202220201220222021221120202011221222220221222222221102020211221202022201020222220122222201020222222
2211221202122112202022221222222011221010122010222222221120202221221202122112222222020102222221020222020102220202122112020201122122222022022222222110222021122120202221102022202012222220102022222
2221122120212211220202022222222201120101010201022222212202020222122120212211222222212010222222102022202010202020212211202020112222222202212222222211020202112212020222010202220221222222012202222
2222112212021221122020202212222220102010101021102222222220202022212212021221122222220201022222210202220201022202022221120202011221222220221222222221102020211221202022201021222020122222201020222
2222211221202122112202020202222222010221010102110222222222120202221221202122112222222120102222221020222020102220202122112020201122222222022122222222110202021122120202221102022202012222220102022
2222221122120212212220202022122222201220101010201022222222212020222122120212211222222202011222222102022202010202020212211202020112222222202212222222211020202112212020222010202220221222222010212
2222222112212021221222020201222222220102010101221102222221220202022212212021221122222221201022222210202220201022202021221120202011221222220220222221221102020211221202022201020222020122222201020
0222222211221202122112202020222222222010201010102110222222222120202221221202122112222222120112222221020222020102220202122112020201122122222022122222222110202021122120202221102022202012222220102
2022222221122120212211220202012222222201120101010211022222212212020222122120212211222222202011222222102022202010222020222211202020112212222202212222222211020202112212020222110222220201222222010
0202222222112212021221222020202212222220112210101020102222222222202022212212021221122222221201122222210202222201122202021221120202011221222220220222222221102020211221202022201020222020122222201
1021222222211221202122122222021221222222010201010102110222222221220202211221202122112222222020102222221020222020102220202222112020201122222222022022222222110202021122220202221102022202012222220
0102122222221122120212212220202022102222201120101010211022222222212020222122120212211222222202010222222102022222010222020222211202020112212222202212222222211020202112212020222210202220201222222
2010212222222112212021221222020212212222220112010101021102222222222202022212212021221122222221201022222210222221201122202021221120202011222222221220222221221102020211221202022201020222022122222
2201020222222211221202122122202020202222222011201010102110222222122020202221221202122112222222020102222221020222020122220202122112020201122222222122122222222110202021122120202220102022202012222
2220102022222221122120212212220202022122222201020101010201022222222212020222122120212211222222212010222222102022202010222020212211202020112212222202212222222211020202112212022222010202220201222
2222010202222222112212021222222020221222222220112010101221102222221220202022112212021221122222221201022222212202220201022202020221120202011222222221220222222221102020211221202020201020222020122
2222211021222222211221202122112202020221222222011201010122010222222222020202221221202122112222222120112222221020222020102220202122112020201122122222022022222222110202021122120202221102022202012
2222220102022222221122120212212220202012222222201120101010211022222212202022222122120212211222222202011222222102222202010202020222211202020112212222202212222222211020202112212020222110202220201
1222222010212222222112212021221122020212222222220112210101021102222221220202022212212021221122222220201022222210202222201022202022221120202011222222220220222222221102020211221202022201020222020
0122222201020222222211221202122112202020222222222010221010102110222222122020202211221202122112222222020102222221020222020102220202222112020201122222222022122222222110222021122120202221102022202
2012222220102022222221122120212212220202022122222201120101010211022222222222020222122120212211222222202010222222102022222010202220212211202020112212222202212222212211020202112212022222110202220
0201222222010212222222112212021221222020212222222220102010101221102222221220202022212212021221122222220201022222210202220201122202022221120202011222222221220222222221102020211221202022201020222
2022122222211021222222211221202122122202021221222222011201010122110222222202020202211221202122112222222020102222221020222120102220202122112020201122222222122022222122110202021122120202220102022
2202012222221102022222221122120212212220202022222222201120101012211022222222202020222122120212211222222202010222222102022202010222020212211202020112222222212202222222211020202112212022222010202
2220221222222010202222222112212021221222020212222222220112210101221102222222221202022112212021221122222221201022222210202220201022202021221120202011222222220220222221221102020211221202022201020
0222020122222201020222222211221202122122202021222222222011221010102010222222222020202211221202122112222222120102222221022222020102222202122112020201122222222022022222122110202021122120202220102
2022222012222220102022222221122120212212220202212222222201122101010211022222222202020222122120212211222222212010222222102022202010222020212211202020112222222212202222212211020202112212020222210
0202220201222222010202222222112212021221222020222212222220112210101221102222222222202222112212021221122222221201022222210202220201022202021221120202011222222220220222221221102020211221202022211
1020222022122222201020222222211221202122122202021222222222011201010102110222222102020202211221202122112222222020102222221020222020112220202122112020201122222222122022222122110202021122120202022
2102022202012222220102022222221122120212212220202222122222201120101010201022222022202020222122120212211222222202010222222102222202010222020212211202020112222222212202222222211020202112212020222
2010202220201222222010212222222112212021221222020202222222220102210101221102222222221202022112212021221122222221201022222212202220201022202021221120222011222222220220222222221102020211221202022
2201020222020122222201020222222211221202122122202021221222222011201010102010222222201020202221221202122122222222020102222221022222022102220202122112020201122222222122022222222110202021122120202
2220102022202012222220102022222221122120212212220202022122222201120101010211022222222202020222122120212211222222202010222222102022212010222020212211202020112222222212202222212211020202112212020
0222110212220221222222010212222222112212021221222020202212222220112210101220102222222220202022212212021221122222220201022222210202220201022222021221120202011222222220220222221221102020211221202
2022201020222020122222221020222222211221202122112202020222222222010201010122110222222102020202221221202102112222222020122222221020222020122220202122112020201122222222122022222222110202221122120
0202220102022222012222221102122222221122120212212220202022122222201120101012201022222222202020222122120212211222222212010222222102022202010222020212211202020112222222212202222212211020202112222
2020222010202220201222222010202222222112212021221222020202222222220102210101221102222222220202022212212021221122222221201022222210202220201022202021221120202011221222220220222222221102020211221
1202022201020222020122222201021222222211221202122122202022202222222011221010102010222222122120202211221202122112222222020112222221020222020102220202122112020201122222222022122222222110202022122
2120202220102022202012222220102122222221122120212212222202022222222201022101010211022222212202020221122120212211222222212010222222102022202010222020212211202020112222222212202222212211020202112
2212020222010202220201222222010202222222112212021221122020202222222220112210101220102222221221202022212212021221122222220201022222210202220201022202021221120202011222222220220222222221102020211
1220202022221020222020122222201021222222211221202122122202020222222222010201010102010222222222120202221221202122112222222120112222221022222020102220202122112020201122222222022122222222110222021
1122120202222102222202012222220102022222221122120212212220202122222222201120101010201022222212202020222122120212211222222202010222222102022202010222020222211202220112222222212202222212211020202
2112222020222112202222201222222010202222222112212021221222020202210222220102210101022102222222221202022112212021221122222220201022222210222220221222202021221120202011222222220221222222221102020
0211221202222201220222020122222201020222222211221202122112202020202222222011201010102110222222222020202211221202122112222222120102222221020222020102020202222112020201122222222022122222222110202
2021122220202220102022202012222220102022222221122120212212220202222222222201020101010211022222212202020221122120212211222222202010222222102022202011222020222211202020112222222212202222222211020
2202112212020222010202220221222222110202222222112212021221222020202222222220102010101220102222222020202022112212021221122222221201022222210202221201022202021221120202011222222221220222221221102
2020201220202222211220222220122222221021222222211221202122112202020202222222010201010102010222222221120202221221202122112222222020102222221020222020102222202122112020201122122222022122222222110
0202021122120222022102022202012222220102022222221122120212212220202112222222201220101010211022222022202020222122120212211222222202010222222102222202212222020212211202020112222222212202222212211
1020202112212020222210212222201222222010212222222112212021221122220202212222220112210101220102222222220202022212212021221122222221201022222210202220201022202021221120202011221222220220222222221
1102020211221202022211020222222122222201020222222211221202122112202020202222222011201010102010222222122020202221221202122112222222020112222221020222020102220202122112020201122222222022122222222
2110202021122120222020102022202012222220102122222221122120212212220202022222222201020101012211022222222202020222122120212211222222202010222222102222202010222020212211202020112222222212202222222
2211022202112212020222010202220201222222010212222222112212021221122020202212222220102210101221102222222220202022212212021221122222220201122222210202220201022202021221120202011222222220220222222
2221102020211222202022201020222020122222201020222222211221202122112202020221222222011201010102010222222222020202221221202122112222222120112222221020222020102220202022112020201122222222022122222
2122110202021122220202220102022202212222221102122222221122120212212220202022122222201022101012201022222222202020222122120212211222222202010222222102022202211222020212211202020112222222202202222
2222211020202112212020222010202222201222222010202222222112212021221122020212222222220102210101020102222222221202022212212021221122222220201022222210202220201022202021221120202011221222220221222
2222221102020211222202020201020222020122222211020222222211221202122122202020221222222011201010102110222222222020202211221202122112222222020102222221022222020102220202222112020201122222222122022
2222122110202021122120202220102022202012222221102122222221122120212212220202122222222201122101012201022222212202020222122120212211222222202010222222102222202011222020212211202220112222222202202
2222212211020202112222020222010202220201222222110202222222112212021221222020212222222220102010101220102222221020202022112212021221122222221201222222210202220201022202021221120202011222222221220
1222222221102020211221202022201020222020122222201021222222211221202122122202020221222222010201010102110222222202020202221221202122112222222020102222221022222020122220202222112020201122222222122
2022222122110202021122120202220102022202012222220102122222221122120212212220202122222222201022101012201022222222112020222122120212212222222202010222222102022202010222020212211202020112212222202
2212222222211020202112212020222010202220201222222010212222222112212021221222020202020222220112210101021102222221221202022212212021221122222221201022222210222220201022202021221120202011221222220
0221222222221102020211221202022201020222020122222201020222222211221202122112202020222222222010201010102110222222222020202222221202122112222222120102222221020222020102220202222112020201122222222
2022022222222110202021122120202220122022202012222220102022222221122120212211220202012222222201022101012201022222212222020222122120212211222222202010222222102022202010222020222211202020112212222
2202202222212211020202112212020222010202220201222222010202222222112212021221222020212212222220112010101221102222222220202022112212021221122222220201222222210202220201122202021221120202011222222
2220220222221221102220211221202022211020222020122222211020222222211221202122122202020222222222010201010122110222222122020202221221202122112222222020102222221020222020102220202122112020201122222
2222022022222222110202021122120202222102022202012222221102022222221122120212212220202022222222201122101010211022222212202020222122120212211222222202010222222102022202011222220212211202020112222
2222202212222222211020202112222020222210202220201222222010202222222112212021221122020202222222220112210101020102222222220202022212212021221122222221201022222210222220201222202022221120202011222
1222220221222222221102020211221202022201020222020122222201020222222221201202122112202020222222222010221010102010222222222020202221221202122112222222020112222221022222020102020202222112020201122
2222222122122222222110202021122020202020102022202012222220102122222221122120212211220202022222222201120101010201022222222202020222122120212211222222202010222222102022202010222020212211202020112
2212222202202222222211020202112212020222010202220201222222010212222222112212021221122020202222222220112010101222102222221220202022212212021221122222220201022222220202220201022202021221120202011
1222222221220222221221102020211222202220201020222220122222201021222222211221202122122202020221222222011201010102120222222222020202211221202122112222222020102222221020222020102220202122112020201
1122122222022022222122110202021122120202220102222202212222220102122222221122120212212220202122122222201020101012201022222222202020222122120212211222222212010222222102022202011222020212211202020
0112212222202212222222211020202112212020222010202220201222222010202222222112212021221222020202022222220102210101020102222221220202022222212021221122222221201122222210222220201020202021221120202
2011222222221221222222221102020211221202020201022222020122222201020222222211221202122122202020202222222010201010102010222222222020202221221202122112222222120102222221020222020102222202122112020
0201122222222022022222122110202021122120202220102122202012222220102122222221122120212212220202022122222201222101010211022222222222020222122120212211222222212011222222122022212010222020212211202
2020112212222202212222222211020202112212020222110202222201222222010202222222112212021221222020201222222220112010101020102222221221202022212212021221122222221201022222210202220201022202021221120
0222011222222220220222221221102020211221202022201020222020122222201020222222211221202122122202021221222222020201010102110222222222020202221221202122112222222020102222221020222020102220202122112
2020201122222222122022222122110202021122220202220102022202012222220102022222221122120212212220202122222222201020101010211022222222202020221122120212211222222202010222222102022212011222020212211
1202020112212222202212222222211022202112212020222110202220201222222010202222222112212021221222020202212222220102010101021102222222221202022212212021221122222221201022222210222220201022202021221
1120202011222222221221222222221102020211221202022221020222020122222201021222222211221202122112202022221222222011201010102010222222202020202221221202122112222222020102222221020222020102020202122
2112020201122222222122022222122110202021122120202220102222202012222220102122222221122120212212220202022222222201020101010211022222212202020222122120212211222222202010222222102022202011222020222
2211202020112222222202212222222211022202112212020222010202220201222222010202222222112212021221122020202222222220112010101020102222221220202022212212021221122222221201022222212202220201222202022
2221120202011221222220220222221221102020211222202022201022222020122222221021222222211221202122122202020222222222011201010102110222222222020202221221202122112222222120102222221020222020112220202
2122112020201122222222122022222222110202021122120202220102022222012222220102022222221122120212212220202022122222201120101010201022222222202020221122120212211222222212010222222102022202010222020
0222211202020112212222202212222222211020202112222020222010212220201222222010212222222112212021221222020202222222220102010101020102222221220202022212212021221122222220201122222212202222201020202
2021221120202011222222221220222222221102020211222202020201020222020122222211020222222211221202122122202020222222222011201010102010222222222020202221221202122112222222120102222221022222020102220
0202122112022201122222222122022222222110202021122120202220102022202212222220102022222221122120212222220202022122222201020101012201022222222102020221122120212211222222202010222222102022202010222
2020212211202020112212222202212222222211020202112212020222110202222201222222010212222222112212021221122020202222222220112010101022202222221220202022212212021221122222220201122222210202220201022
2202021221120202011222222221220222222221102020211221202020201020222020122222211020222222211221202122122202020222222222010201010102010222222222020202222221202122112222222120102222221020222020112
2220202122112022201122222222022122222122110202021122020202220102022222012222220102122222221122120212212220202022122222201022101010211022222222212020222122120212211222222202010222222102022202010
0222020212211202020112222222202202222212211020202112212022222010202220201222222010202222222112212021221222020202222222220102010101022102222222210202022112212021221122222220201222222210202220201
1022202022221120202011222222221221222222221102020211222202022201020222020122222201020222222211221202122122202022222222222010201010102110222222122020202221221202122112222222020102222221020222020
0102220202222112020201122222222122022222122110202021122220202220102022202012222220102122222221122120212212220202122222222201220101010211022222222102020221122120212211222222202010222222102022202
2010222020212211202020112222222212212222222211020202112222020222010202220201222222010202222222112212021221222020202222222220202010101021102222222212202022212212021221122222220201022222210202220
0201022202021221120202011222222220201222222221102020211221202022211021222020122222201020222222211221202122112202020201222222011201010102010222222222220202221221202122112222222020102222221220222
2122112220202122112020201122222222122022222122110202021122220222220122022202012222220102022222222122120212212220202122122222201220101010211022222220102020221122120212212222222202010222222102022
2202011222020212211202020112212222202202222212211020202112212020222010202220201222222010212222222112212021221222020202222222220112010101221102222222211202222212212021221122222220201022222210202
2220201022202021221120202021222222221220222221221102020211221202022201020222020122222211020222222211221202122222202020222222222011201010102010222222221020202211221202122112222222020102222221022
0222220102220202122112020201122222222122022222122110202021122120202220102022222012222220102022222221122120212212220202022122222201120101010201022222222102020222122120212211222222202010222222102
2022212010222020212211202020112222222202202222222211020202112212020222010202220201222222110202222222112212021221222020202222222220102210101020102222222222202022212212021221122222221201022222210
0202220201222202021221120202011222222221220222221221102020211221202022221020222220122222211020222222211221202122122202020222222222011201010102010222222222020202211221202122112222222020102222221
1020222020112220202122112020201122222222122022222222110202021122120202220102022202012222220102122222221122120212211220202022122222201120101012211022222220202020222122120212211222222202010222222
2102022202011222020222212202220112222222212202222222211020202112212020222010202220201222222010202222222112212021221222020201222222220102010101020102222222020202022112212021221122222220201022222
2210202220201122202022221120202011222222221220222221221102020211221202222201020222020122222201020222222211221202122122202020222222222010201010102110222222102020202211221202122112222222120102222
2221020222020102220202122112020201122222222022022222222110202021122120202220102022202012222220102122222221122120212212220202022222222201022101012201022222222202020222122120212211222222202010222
2222102022212010222020222211202020112222222212202222212211020202112212020222010202222201222222210212222222112212021221222020202212222220102010101221102222222220202022112212021221122222221201022
2222210202220201022202022221120202011222222221220222221221102020211221202022201220222020122222201020222222211221202122122202021122222222011201010102010222222202020202221221202122112222222120102
2222221020222020102220202222112020201122222222022122222222110202021122120202220102122202012222220102022222221122120212211220202022222222201022101010211022222212202022222122120212211222222212010
0222222102022202010202020212211202020112222222202212222222211020202112212020222210202222201222222010202222222112212021221222020201222222220112210101020102222222220202022212212021221122222220201
1022222212202220201022202022221120202011222222221220222221221102020211221202022201020222020122222201020222222211221202122122202020122222222010201012102120222222102020202211221202122112222222120
0112222221020222020102220202122112020201122122222022122222222110202021122120202221102022202012222220102122222221122120212211220202220222222201120121010221022222212202020222122120212211222222202
2010222222102022202210222020212211202020112222222212202222222211020202112212020202012202220201222222210202222222112212021221222020221222222220102010101221102222221020202022212212021221122222220
0201022222210222220201122202021221120222011222222221220222222221102220211221202022201020222020122222201020222222211221202122122202020122222222011201010102010222222102020202211221202122112222222
2020102222221020222020102220202122112020201122222222022022222222110202021122120202222102022222012222220102022222221122120212222220202112222222201020101012201022222212202020222122120212211222222
2212010222222102022202210222020212211202020112222222202202222222211020202112212020222010202222201222222010202222222112212021221122020201222222220112210101021102222221221202022212212021221122222
2220201022222210202220201122202021221120202011222222221220222222221102020211222202022201020222020122222211021222222211221202122122202020222222222022201010102010222222201020202211221202122112222
2222020102222221020222020102220202122112020201122122222022122222222110202021122120222220102022222012222220102122222221122120212211220202220222222201122101012211022222222202020222122120212211222
2222202010222222122022202010202020212211202020112222222212212222222211020202112222020222012202220201222222010212222222112212021221222220202012222220102010101021102022222210202022212212021220122
2222221201022222210202222201222202020221120202011222222221221222222221102020211222202022201020222220122222201021222222211221202122122202020202222222010201010102120222222122020202221221202122112
2222222120102222221020222020102220202122112020201122222222022022222222110202021122120202221102022202012222220102122222221122120212211220202022222222201122101012211022222222202020222122120212211
1222222212010222222102022202010222020212211202020112222222202202222222211020202112212020222010202220201222222110202222222112212021221222020202222222220102010101221102222221220202022212212021221
1122222220201022222210202220201022202021221120202011222222220221222222221102020211221202022201020222020122222201020222222211221202122112202020201222222011201010102110222222222120202221221202122
2112222222020102222221020222020102220202122112020201122222222022022222222110202021122120202221102022202012222221102122222221122120212212220202022222222201122101012211022222222202020221122120212
2211222222212010222222102022202010202020212211202020112222222202212222222211022202112212020222010202220201222222010202222222112212021221222020202212222220112210101021102222222222202022212212021
1221122222220201022222212202220201020202021221120202011221222220221222222221102020211221202022221020222220222222201020222222211221202122112202020201222222021201010102010222222221020202221221202
2122112222222020102222221220222020122220202122112020201122222222022022222122110202021122120202220102022222012222220102122222221122120212212220202022122222201122101012211022222222102020222122120
0212211222222212010222222122022202012222020212211202020112212222202212222222211020202112202020222010202220201222222010212222222112212021221122020202012222020112010101021102222222221202222212212
2021221122222220201022222210202220201022202021221120202011222222220221222222221102020211221202022201020222020122222201021222222211221202122112202020201222222011201010102110222222222120202221221
1202122112222222020102222221220222120112220202122112020201122122222022022222222110202021122120202220102022202012222220102022222221122120212212222202022122222201122101012201022222222202020222122
2120212211222222212010222222102022202010222020222211202020112212222202212222222211020202112222020222110202220201222222010212222222112212021221122020202222222220102010101020102222221221202022212
2212021221122222220201022222212222220201022202021221120222011221222220221222222221102020211221202022201020222222122222201020222222211221202122122202020202222222011201010102210222222221120202221
1221202122112222222020102222221020222020112220202122112020201122122222022022222222110202021122120202221102022202012222220102022222222122120212212220202112222222201122101012211022222212212020222
2122120212211222222202010222222122022202010222020212211202020112212222202202222222211020202112222020222210202220201222222110212222222112212021221222020202212222220112010101020102222222210202022
2212212021221122222221201022222210202220201022202021221120202011222222220221222222221102020211221202022201020222020122222201020222222211221202122112202020122222222010201010102012222222122020222
2221221202122112222222020102222221022222120112220202122112020201122222222022022222222110202021122120202220102022202012222220102022222221122120212212220202022122222201022101012211022222222202020
0222122120212211222222202010222222102222202011222020212211202020112222222212202222212211020202112222022202010202220201222222110202222222112212021221222020202222222220122010101021102222221220202
2022212212021221222222220201122222210202220201022202021221120202011221222220221222222221102020211222202022201021222220122222201020222222211221202122112202020222222222011201010102110222222122020
0202221221202122112222222020102222221020222020112222202122112020201122122222022022222122110202021122120202221102022202212222220102022222221122120212212220202022222222201022101010201022222222202
2020221122120212211222222212010222222102022202012222020212211202020112222222212202222222211022202112212020222010202220201222222210202222222112212021221222020212222222220102010101021102222221020
1202022212212021221122222220201022222212202222201022202021221120202011221222220221222222221102020211221202022201021222020122222201020222222211221202122112202020222222222011201010102010222222122
2020202221221202122112222222120102222221020222020102020202122112020201122222222122122222222110202021122220202020102022202212222220102022222221122120212212220202212222222221120101010211022222012
2202020221122120212211222222202010222222102022202010222020212211202020112222222212202222222211020202112222020222010202220201222222010202222222112212021221222020201222222220112010101020102222221
2221202022212212021221122222221201022222212202220201022202021221120202011221222220221222222221102020211221202022201020222020122222201020222222211221202122122202020222222222010201010102010222222
2221020202221221202122112222222020102222221020222020112222202122112020201122222222022022222122110202021122120222221102022222012222220102122222221122120212212220202122122222201120101012201022222
2222202020221122120212212222222212010222222102022202011222020212211202020112222222212202222222211020202112212020222010202220201222222010202222222112212021221222020212222222220102010101021102222
2222220202022212212021221122222221201022222210202220201022202021221120202011221222220221222222221102020211221202022201020222020122222201020222222211221202122122202020221222222011201010102110222
2222122220202221221202122112222222020102222221020222020112222202122112020201122222222022022222222110202021122120202221102222202012222220102022222221122120212211220202112222222201022101012211022
2222222202020222122120212202222222202010222222102022202011222020212211222020112222222212202222222211020202112212020202210202220201222222010212222222112212021221222220212212222220102010121021102
2222222220202022112212021221122222221201022222210202220201022202021221120202011222222220220222221221102020211221202022211020222020122222201020222222211221202122122202021122222222010201210122110
0222222221120202221221202122112222222022102222221220222020102220202122112020201122122222022022222122110202021122120202220102022202012222220102122222221122120212212220202022122222201122101010211
1022222222102020221122120212211222222202010222222102022202010222020212211202020112222222212212222222211020202112212020222010202220221222222010212222222112212021221222020202212222220112010101021
1102222222220202022212212021221122222220201022222210202220201022202021221120222011221222220220222221221102020211221202022201020222020122222201021222222211221202122122202020222222222011221010122
2010222222221020202221221202122112222222020102222221020222020102220202122122020201122222222122122222222110202021122120202020102022202012222220102022222221022120212212220202022122222201120101010
0201022222222112020222122120212211222222202010222222102022202012202020212211202020112222222202212222222211020202112212020222010202220201222222010212222222112212021221222020202010222220112010101
1220102222222220202022112212021221122222221201022222210202220201122202022221120202011222222220220222222221102020211222202022211020222020122222201020222222211221202122122222020221222222011221010
0102110222222221020202221221202122112222222020102222221020222020122220202122112020201122222222022022222222110202021122220202220102022222012222220102022222221122120212212220202022122222201120101
