12022112022200222022210021220222202112222221212102222012200222002220012220221222222222202221202222021200222001122022212212221222222222222202120220220212022222222222221222122122212211002220021202222021222122222222221220222100222002221022102222012121222222112022221221200122202220022202112202
21202211202220022202221002122022220211222222121210222201220022200222001222022122222222221222120222202121022200112202221221222122222222222220212022022021202222222222222122212212220221100222012121222202122212222222222122022210022200222102210222201212122222211202222022120012220222002220211220
02120221120222002220222100212202222021122222212120022220122012220022200122202212222222222022212022221212102220011221222022122212222222222222021202202202120222222222222212221221222022110022200212122220212220222222222212202221002220022210221022220021212222221120222212212001222022200222021122
20212022112022200222022210021221222202112222221212002222012201222002220012220221222222222202221202222121210222001122122212212221222222222222202120220220212022222222222221222122122202211002220121212222021222022222222221220222100222002221022102222002121222222112022221221200122202220022202112
22021202211202220022202221002122122220211222222121210222201220122200222001222022122222222221222120222212120022200112202221221222122222222222220212022022021202222222222222122212202220221100222002120222202122202222222222122022210022200222002210222201212122222211202222122120012220222002220211
12202120221120222002220222100212212222021122222202121022220122012220022200122202212222222222022212022221212002220011220222022122212222222222222021202202202120222222222222212221221222122110022201212022220212221222222222212202221002220022210221022220121212222221120222212212001222022200222021
11220212022112022200222022210021220222202112222221212002222012200222002220012220221222222222212221202222121210222001122122212212221222222222222202120220220212022222222222221222122122202211002220021212222021222122222222221220222100222002220022102222002120222222112022221221200122202220022202
21122021202211202220022202221002122022220211222222121200222201220022200222001222022122222222221222120222212121022200112212221221222122222222222220212022022021202222222222222122212212220221100222002121222202122212222222222122022210022200222102210222200212122222211202222022120012220222002220
02112202120221120222002220222100212212222021122222202121022220122012220022200122202212222222222122212022221212002220011220222122122212222222222222021202202202120222222222222212221221222022110022201212022220212220222222222212202221002220022200221022220021212222221120222202212001222022200222
20211220212022112022200222022210021221222202112222221212002222012201222002220012220221222222222212221202222121200222001122122202212221222222222222202120220220212022222222222221222122022202211002220121212222021222022222222221220222100222002220022102222002121222222112022221221200122202220022
22021122021202211202220022202221002122022220211222222121210222201220122200222001222022122222222221222120222212121022200112202221221222122222222222220212022022021202222222222222122212212221221100222002120222202122212222222222122022210022200222002210222200212022222211202222022120012220222002
22202112202120221120222002220222100212212222021122222202121022220122012220022200122202212222222222022212022221212102220011220222122122212222222222222021202202202120222222222222212221220222022110022201212122220212220222222222212202221002220022210221022220021212222221120222212212001222022200
02220211220212022112022200222022210021220222202112222221212102222012201222002220012220221222222222212221202222121200222001122022212212221222222222222202120220220212022222222222221222122122202211002220121212222021222122222222221220222100222002221022102222002121222222112022220221200122202220
00222021122021202211202220022202221002122022220211222222121200222201220122200222001222022122222222221222120222212120022200112202221221222122222222222220212022022021202222222222222122212212221221100222012121222202122202222222222122022210022200222002210222201212122222211202222122120012220222
20022202112202120221120222002220222100212202222021122222212121022220122002220022200122202212222222222022212022221212102220011220222122122212222222222222021202202202120222222222222212221221222122110022201212022220212221222222222212202221002220022210221022220121212222221120222202212001222022
22002220211220212022112022200222022210021221222202112222220212002222012201222002220012220221222222222212221202222021210222001122022212212221222222222222202120220220212022222222222221222122022202211002220121212222021222022222222221220222100222002220022102222012120222222112022221221200122202
22200222021122021202211202220022202221002122122220211222222021200222201220122200222001222022122222222221222120222202121022200112202221221222122222222222220212022022021202222222222222122212202220221100222012121222202122212222222222122022210022200222102210222201212122222211202222122120012220
02220022202112202120221120222002220222100212212222021122222212121022220122012220022200122202212222222222122212022220212102220011220222122122212222222222222021202202202120222222222222212221220222122110022201212122220212220222222222212202221002220022210221022220121202222221120222212212001222
20222002220211220212022112022200222022210021221222202112222221212002222012201222002220012220221222222222212221202222121210222001122022202212221222222222222202120220220212022222222222221222122122202211002220021212222021222022222222221220222100222002221022102222002120222222112022221221200122
22022200222021122021202211202220022202221002122122220211222222021210222201220022200222001222022122222222221222120222202121022200112202221221222122222222222220212022022021202222222222222122212202220221100222012120222202122212222222222122022210022200222002210222201212022222211202222022120012
22202220022202112202120221120222002220222100212202222021122222212121022220122012220022200122202212222222222122212022221212102220011220222122122212222222222222021202202202120222222222222212221221222022110022200212122220212221222222222212202221002220022210221022220021212222221120222212212001
12220222002220211220212022112022200222022210021220222202112222220212102222012201222002220012220221222222222212221202222121210222001122122212212221222222222222202120220220212022222222222221222122122202211002220121202222021222022222222221220222100222002220022102222002121222222112022220221200
01222022200222021122021202211202220022202221002122022220211222222121200222201220122200222001222022122222222221222120222212121022200112202221221222122222222222220212022022021202222222222222122212212220221100222002121222202122202222222222122022210022200222002210222200212122222211202222122120
00122202220022202112202120221120222002220222100212202222021122222212121022220122012220022200122202212222222222122212022221212002220011221222022122212222222222222021202202202120222222222222212221221222122110022201212122220212221222222222212202221002220022200221022220121212222221120222212212
20012220222002220211220212022112022200222022210021221222202112222220212102222012201222002220012220221222222222212221202222121210222001122022212212221222222222222202120220220212022222222222221222122022202211002220121212222021222122222222221220222100222002221022102222012121222222112022220221
12001222022200222021122021202211202220022202221002122022220211222222121210222201220022200222001222022122222222221222120222212120022200112202221221222122222222222220212022022021202222222222222122212212220221100222012120222202122212222222222122022210022200222002210222201212122222211202222022
21200122202220022202112202120221120222002220222100212212222021122222212120022220122012220022200122202212222222222022212022221212102220011221222022122212222222222222021202202202120222222222222212221220222022110022201212122220212220222222222212202221002220022210221022220121202222221120222212
22120012220222002220211220212022112022200222022210021221222202112222221212102222012200222002220012220221222222222212221202222121200222001122022212212221222222222222202120220220212022222222222221222122022202211002220021212222021222122222222221220222100222002220022102222012121222222112022221
02212001222022200222021122021202211202220022202221002122022220211222222121210222201220022200222001222022122222222220222120222212120022200112202221221222122222222222220212022022021202222222222222122212212220221100222002121222202122212222222222122022210022200222102210222201212122222211202222
20221200122202220022202112202120221120222002220222100212212222021122222212121022220122002220022200122202212222222222122212022220212102220011220222122122212222222222222021202202202120222222222222212221221222022110022200212122220212221222222222212202221002220022200221022220121202222221120222
22022120012220222002220211220212022112022200222022210021220222202112222221212102222012200222002220012220221222222222212221202222021210222001122022212212221222222222222202120220220212022222222222221222122122202211002220021212222021222122222222221220222100222002220022102222012121222222112022
22212212001222022200222021122021202211202220022202221002122122220211222222121210222201220022200222001222022122222222221222120222212121022200112202220221222122222222222220212022022021202222222222222122212212220221100222002121222202122212222222222122022210022200222102210222201212122222211202
22221221200122202220022202112202120221120222002220222100212212222021122222202121022220122012220022200122202212222222222122212022221212102220011220222122122212222222222222021202202202120222222222222212221221222022110022201212022220212220222222222212202221002220022210221022220121212222221120
02222122120012220222002220211220212022112022200222022210021220222202112222221212102222012201222002220012220221222222222212221202222121200222001122122202212221222222222222202120220220212022222222222221222122122202211002220021202222021222122222222221220222100222002220022102222012121222222112
20222202212001222022200222021122021202211202220022202221002122022220211222222121210222201220122200222001222022122222222221222120222212120022200112212221221222122222222222220212022022021202222222222222122212212220221100222002121222202122212222222222122022210022200222102210222201212122222211
12022220221200122202220022202112202120221120222002220222100212212222021122222212121022220122012220022200122202212222222222022212022221212002220011220222122122212222222222222021202202202120222222222222212221220222122110022200212122220212221222222222212202221002220022210221022220121212222221
11202222122120012220222002220211220212022112022200222022210021221222202112222220212102222012201222002220012220221222222222212221202222121200222001122022212212221222222222222202120220220212022222222222221222122122202211002220121212222021222122222222221220222100222002221022102222012121222222
21120222212212001222022200222021122021202211202220022202221002122122220211222222021210222201220122200222001222022122222222220222120222202121022200112202221221222122222222222220212022022021202222222222222122212202220221100222012120222202122212222222222122022210022200222102210222201212022222
22112022220221200122202220022202112202120221120222002220222100212212222021122222212121022220122012220022200122202212222222222022212022220212102220011220222122122212222222222222021202202202120222222222222212221221222022110022201212122220212220222222222212202221002220022210221022220121202222
22211202222122120012220222002220211220212022112022200222022210021221222202112222221212002222012201222002220012220221222222222212221202222021210222001122022202212221222222222222202120220220212022222222222221222122122212211002220121212222021222022222222221220222100222002221022102222012121222
22221120222202212001222022200222021122021202211202220022202221002122022220211222222121210222201220122200222001222022122222222221222120222212121022200112202221221222122222222222220212022022021202222222222222122212212220221100222012120222202122202222222222122022210022200222102210222200212022
22222112022220221200122202220022202112202120221120222002220222100212212222021122222212121022220122012220022200122202212222222222122212022221212102220011220222122122212222222222222021202202202120222222222222212221221222022110022200212122220212220222222222212202221002220022210221022220021202
22222211202222022120012220222002220211220212022112022200222022210021220222202112222221212002222012200222002220012220221222222222212221202222021200222001122022212212221222222222222202120220220212022222222222221222122122202211002220121212222021222122222222221220222100222002220022102222012121
12222221120222212212001222022200222021122021202211202220022202221002122122220211222222121210222201220022200222001222022122222222221222120222202120022200112202221221222122222222222220212022022021202222222222222122212212221221100222002120222202122212222222222122022210022200222102210222201212
21222222112022221221200122202220022202112202120221120222002220222100212202222021122222212121022220122012220022200122202212222222222022212022221212102220011220222022122212222222222222021202202202120222222222222212221221222022110022201212122220212220222222222212202221002220022210221022220021
12122222211202222122120012220222002220211220212022112022200222022210021221222202112222221212002222012201222002220012220221222222222212221202222021200222001122022212212221222222222222202120220220212022222222222221222122022202211002220121212222021222022222222221220222100222002220022102222012
21212222221120222212212001222022200222021122021202211202220022202221002122122220211222222121210222201220122200222001222022122222222221222120222212120022200112202221221222122222222222220212022022021202222222222222122212212220221100222002121222202122202222222222122022210022200222002210222200
12121222222112022221221200122202220022202112202120221120222002220222100212212222021122222202121022220122002220022200122202212222222222122212022220212002220011221222122122212222222222222021202202202120222222222222212221221222022110022201212122220212221222222222212202221002220022210221022220
01212022222211202222022120012220222002220211220212022112022200222022210021221222202112222221212002222012201222002220012220221222222222212221202222121210222001122122212212221222222222222202120220220212022222222222221222122122202211002220121212222021222122222222221220222100222002221022102222
20021212222221120222202212001222022200222021122021202211202220022202221002122122220211222222021200222201220022200222001222022122222222220222120222212120022200112202221221222122222222222220212022022021202222222222222122212202221221100222012121222202122212222222222122022210022200222102210222
22002121222222112022220221200122202220022202112202120221120222002220222100212212222021122222212120022220122012220022200122202212222222222122212022221212102220011220222122122212222222222222021202202202120222222222222212221221222122110022201212122220212220222222222212202221002220022200221022
22201212022222211202222022120012220222002220211220212022112022200222022210021221222202112222221212102222012201222002220012220221222222222212221202222021210222001122022212212221222222222222202120220220212022222222222221222122122202211002220021212222021222122222222221220222100222002221022102
22220121212222221120222212212001222022200222021122021202211202220022202221002122022220211222222121200222201220122200222001222022122222222221222120222212121022200112202220221222122222222222220212022022021202222222222222122212212220221100222002121222202122212222222222122022210022200222002210
02222002121222222112022220221200122202220022202112202120221120222002220222100212212222021122222212120022220122012220022200122202212222222222122212022221212002220011220222122122212222222222222021202202202120222222222222212221221222022110022201212122220212220222222222212202221002220022200221
10222200212022222211202222122120012220222002220211220212022112022200222022210021220222202112222221212102222012201222002220012220221222222222212221202222121210222001122022202212221222222222222202120220220212022222222222221222122122212211002220021212222021222122222222221220222100222002220022
21022220121212222221120222212212001222022200222021122021202211202220022202221002122122220211222222121200222201220022200222001222022122222222221222120222212121022200112202221221222122222222222220212022022021202222222222222122212212220221100222012121222202122212222222222122022210022200222002
22102222002121222222112022220221200122202220022202112202120221120222002220222100212212222021122222212120022220122002220022200122202212222222222122212022221212002220011221222122122212222222222222021202202202120222222222222212221221222022110022201212122220212221222222222212202221002220022210
02210222201212122222211202222122120012220222002220211220212022112022200222022210021220222202112222221212002222012201222002220012220221222222222202221202222021210222001122022212212221222222222222202120220220212022222222222221222122122202211002220121212222021222022222222221220222100222002221
00221022220121202222221120222202212001222022200222021122021202211202220022202221002122022220211222222121210222201220122200222001222022122222222221222120222212121022200112202221221222122222222222220212022022021202222222222222122212212220221100222002120222202122202222222222122022210022200222
20022102222012120222222112022221221200122202220022202112202120221120222002220222100212212222021122222202121022220122012220022200122202212222222222122212022221212102220011220222022122212222222222222021202202202120222222222222212221221222022110022201212022220212221222222222212202221002220022
22102210222200212122222211202222122120012220222002220211220212022112022200222022210021221222202112222221212102222012200222002220012220221222222222202221202222121200222001122122212212221222222222222202120220220212022222222222221222122022202211002220021202222021222122222222221220222100222002
22210221022220121212222221120222202212001222022200222021122021202211202220022202221002122122220211222222121200222201220122200222001222022122222222221222120222212121022200112212221221222122222222222220212022022021202222222222222122212202220221100222012121222202122212222222222122022210022200
02221022102222002120222222112022220221200122202220022202112202120221120222002220222100212202222021122222202121022220122012220022200122202212222222222022212022221212102220011220222122122212222222222222021202202202120222222222222212221221222122110022201212022220212221222222222212202221002220
00222102210222200212122222211202222122120012220222002220211220212022112022200222022210021221222202112222220212002222012201222002220012220221222222222202221202222121210222001122022202212221222222222222202120220220212022222222222221222122122202211002220121212222021222122222222221220222100222
20022200221022220121202222221120222212212001222022200222021122021202211202220022202221002122022220211222222021210222201220022200222001222022122222222221222120222202121022200112212221221222122222222222220212022022021202222222222222122212212221221100222012121222202122212222222222122022210022
22002220022102222002121222222112022221221200122202220022202112202120221120222002220222100212212222021122222202121022220122012220022200122202212222222222122212022221212002220011220222022122212222222222222021202202202120222222222222212221220222122110022201212122220212221222222222212202221002
22200222102210222201212122222211202222122120012220222002220211220212022112022200222022210021221222202112222221212102222012201222002220012220221222222222212221202222121200222001122022212212221222222222222202120220220212022222222222221222122122202211002220021202222021222122222222221220222100
02220022210221022220121202222221120222212212001222022200222021122021202211202220022202221002122122220211222222121210222201220022200222001222022122222222221222120222212121022200112202221221222122222222222220212022022021202222222222222122212212221221100222002121222202122212222222222122022210
00222002221022102222012121222222112022220221200122202220022202112202120221120222002220222100212212222021122222212121022220122012220022200122202212222222222022212022221212102220011220222122122212222222222222021202202202120222222222222212221220222022110022200212022220212221222222222212202221
10022200222102210222200212122222211202222122120012220222002220211220212022112022200222022210021220222202112222221212002222012200222002220012220221222222222202221202222121210222001122122212212221222222222222202120220220212022222222222221222122122202211002220021212222021222122222222221220222
21002220022210221022220121212222221120222202212001222022200222021122021202211202220022202221002122122220211222222121210222201220122200222001222022122222222220222120222212121022200112212221221222122222222222220212022022021202222222222222122212202220221100222002120222202122212222222222122022
22100222002221022102222012121222222112022221221200122202220022202112202120221120222002220222100212212222021122222212121022220122012220022200122202212222222222122212022221212102220011221222122122212222222222222021202202202120222222222222212221220222022110022201212022220212220222222222212202
22210022200222002210222201212122222211202222022120012220222002220211220212022112022200222022210021221222202112222220212102222012200222002220012220221222222222212221202222021210222001122122212212221222222222222202120220220212022222222222221222122122212211002220121202222021222122222222221220
02221002220022210221022220021212222221120222212212001222022200222021122021202211202220022202221002122022220211222222121210222201220122200222001222022122222222220222120222212120022200112202220221222122222222222220212022022021202222222222222122212212220221100222012121222202122202222222222122
20222100222002221022102222012121222222112022221221200122202220022202112202120221120222002220222100212202222021122222212120022220122012220022200122202212222222222022212022221212102220011221222122122212222222222222021202202202120222222222222212221221222122110022200212122220212221222222222212
22022210022200222102210222201212022222211202222122120012220222002220211220212022112022200222022210021221222202112222220212102222012201222002220012220221222222222202221202222121210222001122022202212221222222222222202120220220212022222222222221222122022202211002220121202222021222122222222221
12202221002220022210221022220121212222221120222212212001222022200222021122021202211202220022202221002122122220211222222121210222201220122200222001222022122222222221222120222202120022200112202221221222122222222222220212022022021202222222222222122212202220221100222012121222202122212222222222
21220222100222002220022102222012121222222112022221221200122202220022202112202120221120222002220222100212212222021122222212120022220122012220022200122202212222222222122212022221212102220011220222122122212222222222222021202202202120222222222222212221221222022110022201212122220212221222222222
22122022210022200222102210222201212122222211202222122120012220222002220211220212022112022200222022210021220222202112222221212102222012201222002220012220221222222222212221202222121200222001122022212212221222222222222202120220220212022222222222221222122122202211002220021212222021222122222222
22212202221002220022210221022220121202222221120222212212001222022200222021122021202211202220022202221002122022220211222222121210222201220022200222001222022122222222221222120222202121022200112212221221222122222222222220212022022021202222222222222122212212220221100222012120222202122212222222
22221220222100222002221022102222012120222222112022220221200122202220022202112202120221120222002220222100212202222021122222212120022220122002220022200122202212222222222022212022220212102220011221222122122212222222222222021202202202120222222222222212221221222022110022200212122220212221222222
22222122022210022200222102210222201212122222211202222122120012220222002220211220212022112022200222022210021220222202112222221212102222012201222002220012220221222222222212221202222121200222001122022202212221222222222222202120220220212022222222222221222122122202211002220021202222021222022222
22222212202221002220022210221022220121212222221120222202212001222022200222021122021202211202220022202221002122122220211222222121210222201220022200222001222022122222222221222120222202120022200112212221221222122222222222220212022022021202222222222222122212212221221100222012120222202122212222
22222221220222100222002220022102222012121222222112022221221200122202220022202112202120221120222002220222100212202222021122222212121022220122012220022200122202212222222222122212022220212102220011220222122122212222222222222021202202202120222222222222212221221222022110022201212022220212221222
22222222122022210022200222102210222201212122222211202222122120012220222002220211220212022112022200222022210021221222202112222221212102222012200222002220012220221222222222212221202222021210222001122022212212221222222222222202120220220212022222222222221222122122202211002220121202222021222122
22222222212202221002220022200221022220121212222221120222202212001222022200222021122021202211202220022202221002122022220211222222121210222201220122200222001222022122222222221222120222212120022200112202221221222122222222222220212022022021202222222222222122212212220221100222002120222202122212
22222222221220222100222002220022102222002121222222112022220221200122202220022202112202120221120222002220222100212202222021122222212121022220122012220022200122202212222222222122212022221212102220011220222122122212222222222222021202202202120222222222222212221221222022110022201212022220212221
02222222222122022210022200222002210222201212122222211202222122120012220222002220211220212022112022200222022210021221222202112222221212102222012201222002220012220221222222222212221202222121200222001122022202212221222222222222202120220220212022222222222221222122122202211002220121212222021222
21222222222212202221002220022200221022220121212222221120222212212001222022200222021122021202211202220022202221002122122220211222222121210222201220022200222001222022122222222221222120222202121022200112212220221222122222222222220212022022021202222222222222122212202220221100222002121222202122
22022222222221220222100222002220022102222002121222222112022221221200122202220022202112202120221120222002220222100212212222021122222202121022220122012220022200122202212222222222122212022221212002220011220222022122212222222222222021202202202120222222222222212221221222022110022201212022220212
22202222222222122022210022200222102210222201212022222211202222022120012220222002220211220212022112022200222022210021221222202112222221212102222012201222002220012220221222222222202221202222021210222001122122212212221222222222222202120220220212022222222222221222122122202211002220121202222021
12221222222222212202221002220022210221022220121212222221120222212212001222022200222021122021202211202220022202221002122122220211222222121200222201220122200222001222022122222222221222120222212121022200112202221221222122222222222220212022022021202222222222222122212202220221100222012121222202
21222022222222221220222100222002221022102222002120222222112022220221200122202220022202112202120221120222002220222100212212222021122222212121022220122012220022200122202212222222222122212022221212102220011220222122122212222222222222021202202202120222222222222212221221222022110022201212122220
02122212222222222122022210022200222102210222201212122222211202222122120012220222002220211220212022112022200222022210021221222202112222221212002222012201222002220012220221222222222202221202222021200222001122022212212221222222222222202120220220212022222222222221222122122202211002220021212222
20212221222222222212202221002220022210221022220121212222221120222212212001222022200222021122021202211202220022202221002122122220211222222121200222201220122200222001222022122222222221222120222202120022200112202220221222122222222222220212022022021202222222222222122212202221221100222012121222
22021222122222222221220222100222002221022102222002121222222112022221221200122202220022202112202120221120222002220222100212212222021122222202121022220122002220022200122202212222222222122212022221212002220011220222122122212222222222222021202202202120222222222222212221221222022110022201212022
22202122212222222222122022210022200222102210222200212122222211202222122120012220222002220211220212022112022200222022210021221222202112222221212002222012200222002220012220221222222222202221202222121210222001122022202212221222222222222202120220220212022222222222221222122022202211002220021212
22220212221222222222212202221002220022210221022220021212222221120222202212001222022200222021122021202211202220022202221002122122220211222222121210222201220122200222001222022122222222220222120222212121022200112202221221222122222222222220212022022021202222222222222122212212220221100222002120
02222021222022222222221220222100222002221022102222012121222222112022221221200122202220022202112202120221120222002220222100212212222021122222212121022220122012220022200122202212222222222122212022221212102220011221222022122212222222222222021202202202120222222222222212221220222022110022200212
20222202122212222222222122022210022200222102210222200212122222211202222122120012220222002220211220212022112022200222022210021220222202112222221212102222012200222002220012220221222222222212221202222121210222001122122202212221222222222222202120220220212022222222222221222122122202211002220021
12122220212221222222222212202221002220022200221022220021212222221120222212212001222022200222021122021202211202220022202221002122022220211222222121210222201220022200222001222022122222222221222120222212121022200112202221221222122222222222220212022022021202222222222222122212212220221100222002
21212222021222022222222221220222100222002220022102222012121222222112022220221200122202220022202112202120221120222002220222100212212222021122222212121022220122012220022200122202212222222222122212022221212002220011220222122122212222222222222021202202202120222222222222212221220222122110022201
02121222202122212222222222122022210022200222102210222200212022222211202222022120012220222002220211220212022112022200222022210021221222202112222221212102222012200222002220012220221222222222202221202222121210222001122022212212221222222222222202120220220212022222222222221222122022212211002220
01212122220212221222222222212202221002220022210221022220021212222221120222212212001222022200222021122021202211202220022202221002122122220211222222121200222201220122200222001222022122222222220222120222212120022200112202220221222122222222222220212022022021202222222222222122212212221221100222
20121212222021222122222222221220222100222002221022102222002121222222112022221221200122202220022202112202120221120222002220222100212212222021122222212121022220122002220022200122202212222222222022212022221212102220011221222122122212222222222222021202202202120222222222222212221220222022110022
22012121222202122212222222222122022210022200222002210222201212022222211202222122120012220222002220211220212022112022200222022210021221222202112222221212002222012201222002220012220221222222222212221202222121210222001122022212212221222222222222202120220220212022222222222221222122122202211002
22200212122220212221222222222212202221002220022210221022220121202222221120222202212001222022200222021122021202211202220022202221002122122220211222222121200222201220122200222001222022122222222220222120222212121022200112202221221222122222222222220212022022021202222222222222122212212220221100
02220021212222021222122222222221220222100222002220022102222012120222222112022220221200122202220022202112202120221120222002220222100212202222021122222212121022220122012220022200122202212222222222122212022220212102220011220222122122212222222222222021202202202120222222222222212221221222022110
00222012121222202122212222222222122022210022200222102210222200212022222211202222022120012220222002220211220212022112022200222022210021221222202112222220212102222012201222002220012220221222222222212221202222121210222001122022212212221222222222222202120220220212022222222222221222122122212211
10022201212122220212221222222222212202221002220022210221022220121212222221120222202212001222022200222021122021202211202220022202221002122122220211222222121200222201220122200222001222022122222222220222120222202121022200112202221221222122222222222220212022022021202222222222222122212202221221
11002220021212222021222122222222221220222100222002221022102222002121222222112022221221200122202220022202112202120221120222002220222100212212222021122222212120022220122012220022200122202212222222222022212022221212102220011220222022122212222222222222021202202202120222222222222212221220222122
21100222002121222202122212222222222122022210022200222102210222201212122222211202222022120012220222002220211220212022112022200222022210021221222202112222221212102222012200222002220012220221222222222202221202222121200222001122022212212221222222222222202120220220212022222222222221222122122212
22110022201212122220212221222222222212202221002220022210221022220121212222221120222212212001222022200222021122021202211202220022202221002122022220211222222121200222201220022200222001222022122222222221222120222202121022200112202221221222122222222222220212022022021202222222222222122212212220
02211002220121202222021222022222222221220222100222002220022102222012121222222112022220221200122202220022202112202120221120222002220222100212202222021122222202121022220122012220022200122202212222222222122212022221212002220011220222122122212222222222222021202202202120222222222222212221221222
20221100222002120222202122212222222222122022210022200222002210222201212122222211202222022120012220222002220211220212022112022200222022210021221222202112222221212102222012200222002220012220221222222222212221202222021200222001122022212212221222222222222202120220220212022222222222221222122122
22122110022200212022220212220222222222212202221002220022210221022220121202222221120222212212001222022200222021122021202211202220022202221002122122220211222222121210222201220122200222001222022122222222220222120222212121022200112202221221222122222222222220212022022021202222222222222122212202
22212211002220121212222021222122222222221220222100222002221022102222002121222222112022221221200122202220022202112202120221120222002220222100212202222021122222202120022220122002220022200122202212222222222022212022221212102220011220222022122212222222222222021202202202120222222222222212221221
12220221100222012120222202122212222222222122022210022200222102210222201212122222211202222122120012220222002220211220212022112022200222022210021220222202112222221212102222012201222002220012220221222222222212221202222121200222001122022202212221222222222222202120220220212022222222222221222122
21222022110022201212122220212221222222222212202221002220022200221022220121202222221120222212212001222022200222021122021202211202220022202221002122022220211222222121200222201220022200222001222022122222222221222120222212121022200112212221221222122222222222220212022022021202222222222222122212
22022212211002220121212222021222122222222221220222100222002221022102222012121222222112022221221200122202220022202112202120221120222002220222100212212222021122222212120022220122012220022200122202212222222222022212022220212102220011220222122122212222222222222021202202202120222222222222212221
12212221221100222012121222202122212222222222122022210022200222102210222201212122222211202222122120012220222002220211220212022112022200222022210021221222202112222221212102222012200222002220012220221222222222212221202222121200222001122022212212221222222222222202120220220212022222222222221222
21221222022110022201212122220212221222222222212202221002220022210221022220021212222221120222212212001222022200222021122021202211202220022202221002122022220211222222021210222201220022200222001222022122222222220222120222212120022200112202220221222122222222222220212022022021202222222222222122
22122022212211002220121212222021222022222222221220222100222002220022102222012121222222112022221221200122202220022202112202120221120222002220222100212212222021122222202120022220122012220022200122202212222222222122212022221212102220011220222122122212222222222222021202202202120222222222222212
22212212220221100222012121222202122212222222222122022210022200222102210222201212122222211202222122120012220222002220211220212022112022200222022210021221222202112222221212102222012201222002220012220221222222222212221202222121200222001122022212212221222222222222202120220220212022222222222221
12221221222022110022201212122220212220222222222212202221002220022210221022220021212222221120222212212001222022200222021122021202211202220022202221002122122220211222222121210222201220122200222001222022122222222220222120222212120022200112212221221222122222222222220212022022021202222222222222
21222122122202211002220021212222021222022222222221220222100222002220022102222012121222222112022221221200122202220022202112202120221120222002220222100212212222021122222212120022220122012220022200122202212222222222122212022220212102220011220222022122212222222222222021202202202120222222222222
22122212202220221100222012121222202122212222222222122022210022200222102210222201212122222211202222122120012220222002220211220212022112022200222022210021221222202112222221212002222012201222002220012220221222222222212221202222121210222001122022202212221222222222222202120220220212022222222222
22212221221222022110022200212022220212221222222222212202221002220022200221022220021212222221120222202212001222022200222021122021202211202220022202221002122022220211222222121210222201220122200222001222022122222222221222120222212120022200112202221221222122222222222220212022022021202222222222
22221222122122202211002220121202222021222122222222221220222100222002221022102222012121222222112022220221200122202220022202112202120221120222002220222100212212222021122222202121022220122012220022200122202212222222222122212022220212002220011220222122122212222222222222021202202202120222222222
22222122212212220221100222002121222202122212222222222122022210022200222102210222201212122222211202222122120012220222002220211220212022112022200222022210021221222202112222221212102222012201222002220012220221222222222212221202222121210222001122022202212221222222222222202120220220212022222222
22222212221221222022110022200212122220212221222222222212202221002220022200221022220121212222221120222212212001222022200222021122021202211202220022202221002122122220211222222121200222201220122200222001222022122222222221222120222202120022200112202221221222122222222222220212022022021202222222
22222221222122122202211002220121212222021222022222222221220222100222002221022102222012121222222112022221221200122202220022202112202120221120222002220222100212202222021122222202121022220122012220022200122202212222222222022212022221212002220011221222122122212222222222222021202202202120222222
22222222122212212220221100222012121222202122212222222222122022210022200222102210222201212022222211202222122120012220222002220211220212022112022200222022210021220222202112222221212102222012200222002220012220221222222222202221202222021210222001122122202212221222222222222202120220220212022222
22222222212221221222022110022201212122220212221222222222212202221002220022210221022220121212222221120222212212001222022200222021122021202211202220022202221002122122220211222222121200222201220022200222001222022122222222221222120222212120022200112212221221222122222222222220212022022021202222
22222222221222122122212211002220121212222021222122222222221220222100222002221022102222012121222222112022221221200122202220022202112202120221120222002220222100212212222021122222212120022220122002220022200122202212222222222122212022221212102220011220222122122212222222222222021202202202120222
22222222222122212202220221100222002120222202122212222222222122022210022200222102210222201212122222211202222022120012220222002220211220212022112022200222022210021221222202112222221212102222012201222002220012220221222222222212221202222121210222001122022212212221222222222222202120220220212022
22222222222212221221222122110022200212022220212220222222222212202221002220022210221022220121212222221120222212212001222022200222021122021202211202220022202221002122122220211222222121210222201220122200222001222022122222222221222120222202121022200112202220221222122222222222220212022022021202
22222222222221222122122202211002220021202222021222122222222221220222100222002220022102222012121222222112022221221200122202220022202112202120221120222002220222100212212222021122222212121022220122002220022200122202212222222222122212022221212102220011221222022122212222222222222021202202202120
02222222222222122212212220221100222002121222202122212222222222122022210022200222002210222200212022222211202222122120012220222002220211220212022112022200222022210021220222202112222221212002222012201222002220012220221222222222212221202222121210222001122022212212221222222222222202120220220212
20222222222222212221221222122110022201212122220212221222222222212202221002220022210221022220121212222221120222212212001222022200222021122021202211202220022202221002122122220211222222021210222201220122200222001222022122222222220222120222212121022200112202221221222122222222222220212022022021
12022222222222221222122022202211002220121202222021222122222222221220222100222002220022102222002121222222112022220221200122202220022202112202120221120222002220222100212212222021122222212121022220122002220022200122202212222222222122212022221212002220011221222122122212222222222222021202202202
21202222222222222122212212220221100222012120222202122212222222222122022210022200222102210222200212122222211202222022120012220222002220211220212022112022200222022210021220222202112222221212102222012201222002220012220221222222222212221202222121200222001122022212212221222222222222202120220220
02120222222222222212221221222022110022201212122220212221222222222212202221002220022200221022220121212222221120222212212001222022200222021122021202211202220022202221002122122220211222222021200222201220122200222001222022122222222221222120222202121022200112202221221222122222222222220212022022
20212022222222222221222122022202211002220121202222021222122222222221220222100222002221022102222002121222222112022221221200122202220022202112202120221120222002220222100212212222021122222202121022220122002220022200122202212222222222122212022221212002220011220222022122212222222222222021202202
22021202222222222222122212212220221100222002121222202122202222222222122022210022200222102210222201212122222211202222022120012220222002220211220212022112022200222022210021221222202112222221212002222012201222002220012220221222222222212221202222121210222001122022212212221222222222222202120220
02202120222222222222212221221222022110022200212022220212221222222222212202221002220022210221022220121212222221120222202212001222022200222021122021202211202220022202221002122122220211222222121210222201220022200222001222022122222222220222120222212121022200112202221221222122222222222220212022
20220212022222222222221222122122212211002220121212222021222122222222221220222100222002220022102222012121222222112022220221200122202220022202112202120221120222002220222100212202222021122222202120022220122012220022200122202212222222222122212022221212102220011220222122122212222222222222021202
22022021202222222222222122212212221221100222002121222202122202222222222122022210022200222102210222201212122222211202222122120012220222002220211220212022112022200222022210021220222202112222221212102222012201222002220012220221222222222202221202222121200222001122022212212221222222222222202120
02202202120222222222222212221220222022110022200212122220212221222222222212202221002220022210221022220121212222221120222212212001222022200222021122021202211202220022202221002122122220211222222121200222201220122200222001222022122222222221222120222212121022200112202220221222122222222222220212
20220220212022222222222221222122122202211002220021202222021222022222222221220222100222002221022102222012121222222112022220221200122202220022202112202120221120222002220222100212212222021122222212121022220122012220022200122202212222222222122212022220212102220011220222122122212222222222222021
12022022021202222222222222122212202220221100222012121222202122202222222222122022210022200222102210222200212122222211202222122120012220222002220211220212022112022200222022210021221222202112222220212102222012201222002220012220221222222222212221202222121200222001122022212212221222222222222202
21202202202120222222222222212221221222022110022200212122220212221222222222212202221002220022210221022220121202222221120222212212001222022200222021122021202211202220022202221002122022220211222222121200222201220022200222001222022122222222221222120222212121022200112202221221222122222222222220
02120220220212022222222222221222122122202211002220121212222021222122222222221220222100222002221022102222002121222222112022221221200122202220022202112202120221120222002220222100212202222021122222212120022220122012220022200122202212222222222022212022221212102220011220222122122212222222222222
20212022022021202222222222222122212212220221100222012121222202122212222222222122022210022200222002210222200212122222211202222122120012220222002220211220212022112022200222022210021221222202112222220212102222012201222002220012220221222222222212221202222121200222001122022212212221222222222222
22021202202202120222222222222212221221222022110022201212122220212221222222222212202221002220022200221022220121212222221120222212212001222022200222021122021202211202220022202221002122122220211222222021210222201220122200222001222022122222222221222120222212121022200112212221221222122222222222
22202120220220212022222222222221222122122202211002220021202222021222022222222221220222100222002221022102222012121222222112022220221200122202220022202112202120221120222002220222100212212222021122222212121022220122012220022200122202212222222222122212022221212102220011221222122122212222222222
22220212022022021202222222222222122212202220221100222012121222202122202222222222122022210022200222102210222200212022222211202222122120012220222002220211220212022112022200222022210021221222202112222220212002222012201222002220012220221222222222202221202222121210222001122022202212221222222222
22222021202202202120222222222222212221221222022110022201212122220212220222222222212202221002220022200221022220021212222221120222212212001222022200222021122021202211202220022202221002122122220211222222121200222201220122200222001222022122222222221222120222212121022200112202221221222122222222
22222202120220220212022222222222221222122122202211002220021212222021222122222222221220222100222002220022102222012121222222112022221221200122202220022202112202120221120222002220222100212202222021122222212120022220122012220022200122202212222222222122212022221212002220011221222122122212222222
22222220212022022021202222222222222122212212220221100222012121222202122212222222222122022210022200222102210222200212022222211202222022120012220222002220211220212022112022200222022210021221222202112222220212102222012200222002220012220221222222222202221202222121210222001122022212212221222222
22222222021202202202120222222222222212221221222122110022201212122220212220222222222212202221002220022200221022220121212222221120222202212001222022200222021122021202211202220022202221002122122220211222222021200222201220122200222001222022122222222221222120222202121022200112212221221222122222
22222222202120220220212022222222222221222122022212211002220121212222021222022222222221220222100222002221022102222012121222222112022221221200122202220022202112202120221120222002220222100212212222021122222202120022220122012220022200122202212222222222022212022221212102220011220222022122212222
22222222220212022022021202222222222222122212212220221100222002120222202122202222222222122022210022200222002210222201212122222211202222122120012220222002220211220212022112022200222022210021221222202112222221212102222012201222002220012220221222222222212221202222121210222001122022212212221222
22222222222021202202202120222222222222212221221222022110022201212122220212221222222222212202221002220022210221022220021212222221120222212212001222022200222021122021202211202220022202221002122022220211222222121210222201220122200222001222022122222222220222120222212121022200112212221221222122
22222222222202120220220212022222222222221222122122202211002220121212222021222122222222221220222100222002221022102222012120222222112022221221200122202220022202112202120221120222002220222100212212222021122222212121022220122012220022200122202212222222222122212022220212102220011221222122122212
22222222222220212022022021202222222222222122212212220221100222012121222202122212222222222122022210022200222102210222200212022222211202222122120012220222002220211220212022112022200222022210021221222202112222221212002222012200222002220012220221222222222202221202222121210222001122022212212221
12222222222222021202202202120222222222222212221221222022110022201212122220212221222222222212202221002220022210221022220021212222221120222202212001222022200222021122021202211202220022202221002122022220211222222121210222201220122200222001222022122222222221222120222212121022200112202221221222
21222222222222202120220220212022222222222221222122122202211002220021212222021222022222222221220222100222002221022102222012121222222112022221221200122202220022202112202120221120222002220222100212202222021122222212121022220122012220022200122202212222222222122212022221212002220011221222022122
22122222222222220212022022021202222222222222122212212220221100222002121222202122212222222222122022210022200222102210222201212122222211202222122120012220222002220211220212022112022200222022210021220222202112222221212002222012201222002220012220221222222222212221202222021210222001122022202212
22212222222222222021202202202120222222222222212221220222122110022201212122220212221222222222212202221002220022200221022220021212222221120222202212001222022200222021122021202211202220022202221002122122220211222222121210222201220122200222001222022122222222221222120222212121022200112202221221
12221222222222222202120220220212022222222222221222122122202211002220121202222021222122222222221220222100222002220022102222012121222222112022221221200122202220022202112202120221120222002220222100212202222021122222212121022220122012220022200122202212222222222122212022221212002220011220222122
21222122222222222220212022022021202222222222222122212202220221100222012121222202122212222222222122022210022200222102210222201212022222211202222122120012220222002220211220212022112022200222022210021221222202112222220212102222012201222002220012220221222222222202221202222021210222001122022212
22122212222222222222021202202202120222222222222212221221222022110022201212122220212221222222222212202221002220022200221022220021212222221120222212212001222022200222021122021202211202220022202221002122122220211222222121200222201220022200222001222022122222222221222120222212121022200112212221
12212221222222222222202120220220212022222222222221222122122212211002220121212222021222122222222221220222100222002221022102222002121222222112022221221200122202220022202112202120221120222002220222100212212222021122222212121022220122002220022200122202212222222222122212022221212102220011221222
21221222122222222222220212022022021202222222222222122212212221221100222012120222202122212222222222122022210022200222002210222201212022222211202222022120012220222002220211220212022112022200222022210021221222202112222221212102222012200222002220012220221222222222212221202222121210222001122022
22122122212222222222222021202202202120222222222222212221221222022110022200212122220212221222222222212202221002220022210221022220121212222221120222202212001222022200222021122021202211202220022202221002122122220211222222121200222201220022200222001222022122222222221222120222202120022200112202
22212212221222222222222202120220220212022222222222221222122022202211002220121212222021222122222222221220222100222002220022102222012121222222112022221221200122202220022202112202120221120222002220222100212212222021122222212120022220122002220022200122202212222222222122212022220212002220011221
12220221222122222222222220212022022021202222222222222122212212221221100222012120222202122202222222222122022210022200222102210222200212122222211202222122120012220222002220211220212022112022200222022210021220222202112222220212102222012201222002220012220221222222222212221202222121210222001122
20222122122212222222222222021202202202120222222222222212221221222022110022200212022220212221222222222212202221002220022200221022220121212222221120222212212001222022200222021122021202211202220022202221002122122220211222222121210222201220022200222001222022122222222221222120222212121022200112
22022212212221222222222222202120220220212022222222222221222122122202211002220121212222021222122222222221220222100222002220022102222012121222222112022220221200122202220022202112202120221120222002220222100212202222021122222212120022220122002220022200122202212222222222122212022220212002220011
12202221221222122222222222220212022022021202222222222222122212202220221100222002120222202122202222222222122022210022200222102210222200212122222211202222022120012220222002220211220212022112022200222022210021221222202112222221212102222012201222002220012220221222222222202221202222121200222001
11220222122122212222222222222021202202202120222222222222212221221222022110022201212022220212221222222222212202221002220022210221022220021212222221120222212212001222022200222021122021202211202220022202221002122022220211222222121210222201220122200222001222022122222222221222120222212121022200
01122122202212221222222222222202120220220212022222222222221222122022212211002220121202222021222122222222221220222100222002221022102222012120222222112022221221200122202220022202112202120221120222002220222100212212222021122222212121022220122002220022200122202212222222222122212022221212102220
00112202221221222122222222222220212022022021202222222222222122212212221221100222002121222202122202222222222122022210022200222102210222201212122222211202222122120012220222002220211220212022112022200222022210021221222202112222221212002222012201222002220012220221222222222202221202222121210222
20011220222022122212222222222222021202202202120222222222222212221221222122110022200212122220212220222222222212202221002220022210221022220121212222221120222212212001222022200222021122021202211202220022202221002122022220211222222121200222201220122200222001222022122222222220222120222212120022
22001122022212212221222222222222202120220220212022222222222221222122122212211002220121212222021222122222222221220222100222002221022102222002120222222112022221221200122202220022202112202120221120222002220222100212202222021122222202121022220122012220022200122202212222222222122212022221212102
22200112202221221222122222222222220212022022021202222222222222122212212220221100222012120222202122212222222222122022210022200222102210222201212022222211202222022120012220222002220211220212022112022200222022210021220222202112222221212102222012201222002220012220221222222222212221202222121210
02220011221222122122212222222222222021202202202120222222222222212221221222122110022200212122220212221222222222212202221002220022210221022220121212222221120222212212001222022200222021122021202211202220022202221002122022220211222222121200222201220022200222001222022122222222221222120222212121
00222001122022202212221222222222222202120220220212022222222222221222122122202211002220121202222021222122222222221220222100222002221022102222012121222222112022221221200122202220022202112202120221120222002220222100212202222021122222212121022220122012220022200122202212222222222022212022220212
21022200112202220221222122222222222220212022022021202222222222222122212212220221100222002121222202122202222222222122022210022200222102210222200212022222211202222122120012220222002220211220212022112022200222022210021220222202112222221212002222012201222002220012220221222222222202221202222121
12002220011221222022122212222222222222021202202202120222222222222212221220222022110022201212122220212220222222222212202221002220022200221022220121212222221120222212212001222022200222021122021202211202220022202221002122122220211222222021210222201220122200222001222022122222222221222120222202
21210222001122122212212221222222222222202120220220212022222222222221222122122202211002220021202222021222022222222221220222100222002220022102222002121222222112022220221200122202220022202112202120221120222002220222100212202222021122222212121022220122012220022200122202212222222222122212022221
02120022200112202220221222122222222222220212022022021202222222222222122212202221221100222012120222202122212222222222122022210022200222002210222201212122222211202222122120012220222002220211220212022112022200222022210021221222202112222221212102222012200222002220012220221222222222212221202222
21212102220011220222122122212222222222222021202202202120222222222222212221221222122110022201212122220212220222222222212202221002220022210221022220021202222221120222212212001222022200222021122021202211202220022202221002122022220211222222021200222201220122200222001222022122222222221222120222
22121200222001122122212212221222222222222202120220220212022222222222221222122122202211002220121212222021222122222222221220222100222002221022102222012121222222112022220221200122202220022202112202120221120222002220222100212212222021122222212121022220122012220022200122202212222222222122212022
22212120022200112202221221222122222222222220212022022021202222222222222122212212221221100222002121222202122212222222222122022210022200222002210222200212122222211202222022120012220222002220211220212022112022200222022210021221222202112222221212102222012201222002220012220221222222222212221202
22220212102220011220222122122212222222222222021202202202120222222222222212221221222022110022200212122220212220222222222212202221002220022210221022220121202222221120222202212001222022200222021122021202211202220022202221002122122220211222222121200222201220122200222001222022122222222220222120
02222021210222001122022202212221222222222222202120220220212022222222222221222122122202211002220021212222021222022222222221220222100222002221022102222012120222222112022221221200122202220022202112202120221120222002220222100212212222021122222212121022220122012220022200122202212222222222122212
20222212120022200112202221221222122222222222220212022022021202222222222222122212202220221100222012121222202122202222222222122022210022200222002210222200212122222211202222022120012220222002220211220212022112022200222022210021221222202112222221212102222012201222002220012220221222222222212221
12022221212102220011220222022122212222222222222021202202202120222222222222212221221222022110022201212122220212221222222222212202221002220022210221022220021202222221120222212212001222022200222021122021202211202220022202221002122122220211222222121200222201220122200222001222022122222222221222
21202222021210222001122122202212221222222222222202120220220212022222222222221222122122202211002220121212222021222122222222221220222100222002221022102222012121222222112022221221200122202220022202112202120221120222002220222100212212222021122222202120022220122012220022200122202212222222222122
22120222212121022200112202221221222122222222222220212022022021202222222222222122212212221221100222012121222202122212222222222122022210022200222002210222201212122222211202222122120012220222002220211220212022112022200222022210021221222202112222221212102222012201222002220012220221222222222212
22212022220212102220011220222122122212222222222222021202202202120222222222222212221221222022110022201212122220212220222222222212202221002220022210221022220121202222221120222212212001222022200222021122021202211202220022202221002122022220211222222121210222201220122200222001222022122222222220
12221202222121210222001122022212212221222222222222202120220220212022222222222221222122122212211002220021212222021222022222222221220222100222002220022102222002120222222112022221221200122202220022202112202120221120222002220222100212202222021122222212121022220122012220022200122202212222222222
21222120222212121022200112202221221222122222222222220212022022021202222222222222122212202220221100222012121222202122212222222222122022210022200222102210222200212022222211202222122120012220222002220211220212022112022200222022210021221222202112222221212102222012200222002220012220221222222222
22022212022221212102220011220222122122212222222222222021202202202120222222222222212221220222022110022200212022220212221222222222212202221002220022210221022220021212222221120222202212001222022200222021122021202211202220022202221002122122220211222222121210222201220022200222001222022122222222
22202221202222021200222001122022212212221222222222222202120220220212022222222222221222122022202211002220121212222021222022222222221220222100222002221022102222012121222222112022221221200122202220022202112202120221120222002220222100212212222021122222212120022220122012220022200122202212222222
22220222120222212121022200112202221221222122222222222220212022022021202222222222222122212212220221100222012120222202122212222222222122022210022200222102210222200212122222211202222022120012220222002220211220212022112022200222022210021221222202112222220212102222012201222002220012220221222222
22222122212022221212002220011220222022122212222222222222021202202202120222222222222212221221222022110022201212122220212220222222222212202221002220022210221022220021212222221120222212212001222022200222021122021202211202220022202221002122022220211222222121200222201220122200222001222022122222
22222212221202222121210222001122022212212221222222222222202120220220212022222222222221222122122202211002220121212222021222122222222221220222100222002220022102222012121222222112022220221200122202220022202112202120221120222002220222100212212222021122222202121022220122002220022200122202212222
22222221222120222212120022200112202220221222122222222222220212022022021202222222222222122212212220221100222012120222202122212222222222122022210022200222102210222201212122222211202222122120012220222002220211220212022112022200222022210021221222202112222221212102222012200222002220012220221222
22222222022212022220212102220011220222122122212222222222222021202202202120222222222222212221220222122110022201212122220212220222222222212202221002220022210221022220121212222221120222212212001222022200222021122021202211202220022202221002122122220211222222121210222201220122200222001222022122
22222222202221202222121210222001122122212212221222222222222202120220220212022222222222221222122122212211002220121202222021222122222222221220222100222002221022102222002121222222112022220221200122202220022202112202120221120222002220222100212202222021122222212121022220122012220022200122202212
22222222221222120222202121022200112202221221222122222222222220212022022021202222222222222122212202220221100222002121222202122212222222222122022210022200222102210222201212122222211202222022120012220222002220211220212022112022200222022210021221222202112222221212102222012201222002220012220221
12222222222022212022221212102220011220222122122212222222222222021202202202120222222222222212221221222022110022201212122220212221222222222212202221002220022210221022220121202222221120222202212001222022200222021122021202211202220022202221002122122220211222222121200222201220022200222001222022
21222222222212221202222121200222001122022212212221222222222222202120220220212022222222222221222122022202211002220021212222021222122222222221220222100222002221022102222002121222222112022220221200122202220022202112202120221120222002220222100212212222021122222212121022220122002220022200122202
22122222222220222120222212120022200112212221221222122222222222220212022022021202222222222222122212202220221100222002121222202122212222222222122022210022200222102210222201212122222211202222022120012220222002220211220212022112022200222022210021221222202112222221212102222012201222002220012220
02212222222222122212022220212002220011220222122122212222222222222021202202202120222222222222212221221222122110022201212022220212221222222222212202221002220022200221022220121212222221120222202212001222022200222021122021202211202220022202221002122022220211222222021210222201220022200222001222
20221222222222202221202222121200222001122022202212221222222222222202120220220212022222222222221222122122202211002220121212222021222022222222221220222100222002221022102222012121222222112022221221200122202220022202112202120221120222002220222100212212222021122222202121022220122012220022200122
22022122222222221222120222212120022200112202221221222122222222222220212022022021202222222222222122212212220221100222002121222202122202222222222122022210022200222102210222200212122222211202222022120012220222002220211220212022112022200222022210021221222202112222221212102222012201222002220012
22202212222222222022212022221212102220011221222122122212222222222222021202202202120222222222222212221220222022110022201212122220212221222222222212202221002220022210221022220121202222221120222212212001222022200222021122021202211202220022202221002122122220211222222021210222201220022200222001
12220221222222222202221202222121200222001122022212212221222222222222202120220220212022222222222221222122122202211002220121212222021222122222222221220222100222002221022102222012121222222112022220221200122202220022202112202120221120222002220222100212212222021122222202120022220122012220022200
01222022122222222221222120222212120022200112202220221222122222222222220212022022021202222222222222122212212220221100222002121222202122212222222222122022210022200222102210222200212122222211202222122120012220222002220211220212022112022200222022210021220222202112222221212102222012200222002220
00122202212222222222122212022221212002220011220222122122212222222222222021202202202120222222222222212221221222022110022200212022220212221222222222212202221002220022200221022220021212222221120222212212001222022200222021122021202211202220022202221002122022220211222222121210222201220122200222
20012220221222222222202221202222021210222001122022212212221222222222222202120220220212022222222222221222122122202211002220121212222021222122222222221220222100222002221022102222012121222222112022221221200122202220022202112202120221120222002220222100212202222021122222202121022220122012220022
22001222022122222222220222120222202121022200112202221221222122222222222220212022022021202222222222222122212212220221100222002121222202122212222222222122022210022200222102210222201212122222211202222122120012220222002220211220212022112022200222022210021220222202112222221212002222012201222002
22200122202212222222222122212022221212102220011221222122122212222222222222021202202202120222222222222212221221222022110022200212022220212220222222222212202221002220022210221022220021212222221120222212212001222022200222021122021202211202220022202221002122122220211222222121210222201220122200
02220012220221222222222212221202222121210222001122122212212221222222222222202120220220212022222222222221222122022202211002220121212222021222122222222221220222100222002221022102222012121222222112022221221200122202220022202112202120221120222002220222100212212222021122222212121022220122002220
00222001222022122222222221222120222212121022200112202221221222122222222222220212022022021202222222222222122212212220221100222012120222202122212222222222122022210022200222102210222201212022222211202222122120012220222002220211220212022112022200222022210021221222202112222220212102222012200222
20022200122202212222222222022212022220212002220011220222122122212222222222222021202202202120222222222222212221221222022110022200212122220212221222222222212202221002220022210221022220121212222221120222212212001222022200222021122021202211202220022202221002122022220211222222121210222201220022
22002220012220221222222222212221202222121210222001122022212212221222222222222202120220220212022222222222221222122122202211002220021202222021222122222222221220222100222002220022102222002121222222112022220221200122202220022202112202120221120222002220222100212212222021122222212121022220122002
22200222001222022122222222221222120222212120022200112212221221222122222222222220212022022021202222222222222122212212221221100222012121222202122212222222222122022210022200222002210222200212122222211202222022120012220222002220211220212022112022200222022210021221222202112222220212102222012200
12220022200122202212222222222122212022220212102220011220222122122212222222222222021202202202120222222222222212221221222022110022200212122220212220222222222212202221002220022200221022220121212222221120222212212001222022200222021122021202211202220022202221002122122220211222222121200222201220
01222002220012220221222222222212221202222121210222001122022202212221222222222222202120220220212022222222222221222122022202211002220021212222021222122222222221220222100222002220022102222012120222222112022221221200122202220022202112202120221120222002220222100212212222021122222212121022220122
20122200222001222022122222222221222120222212120022200112202220221222122222222222220212022022021202222222222222122212202220221100222012120222202122202222222222122022210022200222002210222200212122222211202222122120012220222002220211220212022112022200222022210021221222202112222221212102222012
22012220022200122202212222222222022212022220212102220011220222122122212222222222222021202202202120222222222222212221221222022110022200212122220212221222222222212202221002220022210221022220121212222221120222212212001222022200222021122021202211202220022202221002122022220211222222121210222201
12200222002220012220221222222222212221202222121210222001122022212212221222222222222202120220220212022222222222221222122122202211002220121212222021222122222222221220222100222002220022102222002120222222112022220221200122202220022202112202120221120222002220222100212212222021122222212120022220
01220122200222001222022122222222221222120222212121022200112202221221222122222222222220212022022021202222222222222122212212221221100222012121222202122212222222222122022210022200222002210222201212122222211202222122120012220222002220211220212022112022200222022210021221222202112222220212002222
20122002220022200122202212222222222122212022221212102220011220222022122212222222222222021202202202120222222222222212221220222022110022201212122220212221222222222212202221002220022210221022220121212222221120222212212001222022200222021122021202211202220022202221002122122220211222222121200222
22012201222002220012220221222222222212221202222121200222001122122212212221222222222222202120220220212022222222222221222122122202211002220121212222021222022222222221220222100222002221022102222012121222222112022221221200122202220022202112202120221120222002220222100212212222021122222212120022
22201220022200222001222022122222222221222120222212120022200112202221221222122222222222220212022022021202222222222222122212212220221100222012120222202122212222222222122022210022200222002210222200212122222211202222022120012220222002220211220212022112022200222022210021221222202112222221212102
22220122002220022200122202212222222222022212022221212102220011221222022122212222222222222021202202202120222222222222212221221222022110022201212122220212221222222222212202221002220022210221022220121212222221120222212212001222022200222021122021202211202220022202221002122122220211222222121210
02222012200222002220012220221222222222202221202222121200222001122122212212221222222222222202120220220212022222222222221222122022202211002220021212222021222122222222221220222100222002221022102222012121222222112022221221200122202220022202112202120221120222002220222100212212222021122222212121
10222201220122200222001222022122222222220222120222212121022200112202220221222122222222222220212022022021202222222222222122212202220221100222002121222202122202222222222122022210022200222102210222200212022222211202222122120012220222002220211220212022112022200222022210021221222202112222221212
21022220122012220022200122202212222222222022212022221212102220011221222022122212222222222222021202202202120222222222222212221221222122110022201212122220212221222222222212202221002220022210221022220121212222221120222212212001222022200222021122021202211202220022202221002122122220211222222121
12002222012200222002220012220221222222222212221202222121210222001122022212212221222222222222202120220220212022222222222221222122122212211002220021212222021222122222222221220222100222002220022102222012121222222112022220221200122202220022202112202120221120222002220222100212202222021122222212
21200222201220122200222001222022122222222221222120222212120022200112202221221222122222222222220212022022021202222222222222122212202221221100222012121222202122202222222222122022210022200222102210222200212122222211202222122120012220222002220211220212022112022200222022210021221222202112222220
12121022220122002220022200122202212222222222022212022221212102220011220222122122212222222222222021202202202120222222222222212221221222022110022201212022220212221222222222212202221002220022210221022220021212222221120222212212001222022200222021122021202211202220022202221002122122220211222222
21212102222012201222002220012220221222222222202221202222121200222001122022202212221222222222222202120220220212022222222222221222122122202211002220121212222021222022222222221220222100222002221022102222012121222222112022221221200122202220022202112202120221120222002220222100212202222021122222
22121200222201220122200222001222022122222222220222120222212121022200112212220221222122222222222220212022022021202222222222222122212202220221100222002121222202122212222222222122022210022200222102210222201212122222211202222122120012220222002220211220212022112022200222022210021221222202112222
22212120022220122012220022200122202212222222222122212022220212102220011220222122122212222222222222021202202202120222222222222212221221222122110022201212122220212220222222222212202221002220022200221022220121202222221120222202212001222022200222021122021202211202220022202221002122122220211222
22221212002222012200222002220012220221222222222212221202222021210222001122122212212221222222222222202120220220212022222222222221222122122202211002220121212222021222122222222221220222100222002221022102222012121222222112022220221200122202220022202112202120221120222002220222100212202222021122
22222121200222201220122200222001222022122222222221222120222202121022200112202221221222122222222222220212022022021202222222222222122212212220221100222002121222202122202222222222122022210022200222102210222201212022222211202222022120012220222002220211220212022112022200222022210021221222202112
22222202120022220122002220022200122202212222222222022212022221212102220011220222122122212222222222222021202202202120222222222222212221220222122110022201212122220212221222222222212202221002220022210221022220021212222221120222202212001222022200222021122021202211202220022202221002122122220211
12222221212002222012200222002220012220221222222222212221202222021200222001122022212212221222222222222202120220220212022222222222221222122022202211002220121212222021222122222222221220222100222002221022102222012121222222112022221221200122202220022202112202120221120222002220222100212212222021
11222222121200222201220022200222001222022122222222221222120222212120022200112202221221222122222222222220212022022021202222222222222122212212220221100222002121222202122212222222222122022210022200222102210222200212122222211202222122120012220222002220211220212022112022200222022210021221222202
21122222212121022220122012220022200122202212222222222022212022221212002220011220222122122212222222222222021202202202120222222222222212221221222022110022201212122220212221222222222212202221002220022210221022220121212222221120222212212001222022200222021122021202211202220022202221002122122220
02112222220212102222012200222002220012220221222222222212221202222121200222001122022212212221222222222222202120220220212022222222222221222122122202211002220121212222021222122222222221220222100222002221022102222012121222222112022220221200122202220022202112202120221120222002220222100212202222
20211222222121210222201220122200222001222022122222222221222120222202120022200112202221221222122222222222220212022022021202222222222222122212212220221100222012120222202122202222222222122022210022200222102210222201212122222211202222122120012220222002220211220212022112022200222022210021221222
22021122222212121022220122002220022200122202212222222222122212022221212102220011221222122122212222222222222021202202202120222222222222212221221222022110022201212122220212221222222222212202221002220022210221022220121212222221120222212212001222022200222021122021202211202220022202221002122022
22202112222221212102222012201222002220012220221222222222202221202222021210222001122022212212221222222222222202120220220212022222222222221222122022202211002220021212222021222122222222221220222100222002221022102222012120222222112022221221200122202220022202112202120221120222002220222100212212
22220211222222121200222201220022200222001222022122222222220222120222212121022200112202220221222122222222222220212022022021202222222222222122212212220221100222012121222202122212222222222122022210022200222102210222200212022222211202222122120012220222002220211220212022112022200222022210021221
12222021122222202121022220122002220022200122202212222222222122212022220212002220011220222122122212222222222222021202202202120222222222222212221221222022110022201212022220212221222222222212202221002220022200221022220121212222221120222212212001222022200222021122021202211202220022202221002122
20222202112222221212002222012201222002220012220221222222222212221202222021210222001122022212212221222222222222202120220220212022222222222221222122122202211002220121212222021222122222222221220222100222002220022102222012120222222112022220221200122202220022202112202120221120222002220222100212
22122220211222222021200222201220122200222001222022122222222221222120222202121022200112202220221222122222222222220212022022021202222222222222122212212220221100222012121222202122212222222222122022210022200222102210222201212022222211202222122120012220222002220211220212022112022200222022210021
12212222021122222202120022220122002220022200122202212222222222122212022221212102220011220222122122212222222222222021202202202120222222222222212221220222022110022201212122220212221222222222212202221002220022210221022220121212222221120222212212001222022200222021122021202211202220022202221002
21221222202112222220212102222012201222002220012220221222222222212221202222121200222001122022212212221222222222222202120220220212022222222222221222122122202211002220121202222021222122222222221220222100222002221022102222012121222222112022221221200122202220022202112202120221120222002220222100
02122122220211222222121210222201220122200222001222022122222222221222120222202121022200112202220221222122222222222220212022022021202222222222222122212212221221100222012121222202122202222222222122022210022200222002210222201212022222211202222122120012220222002220211220212022112022200222022210
00212212222021122222212121022220122012220022200122202212222222222122212022221212002220011220222122122212222222222222021202202202120222222222222212221221222122110022201212122220212221222222222212202221002220022200221022220021212222221120222212212001222022200222021122021202211202220022202221
10021220222202112222221212102222012201222002220012220221222222222212221202222121200222001122022202212221222222222222202120220220212022222222222221222122122202211002220021202222021222122222222221220222100222002221022102222012121222222112022221221200122202220022202112202120221120222002220222
21002122022220211222222121210222201220122200222001222022122222222221222120222212121022200112202221221222122222222222220212022022021202222222222222122212212220221100222012121222202122202222222222122022210022200222102210222201212122222211202222122120012220222002220211220212022112022200222022
22100212212222021122222212121022220122012220022200122202212222222222122212022220212102220011221222022122212222222222222021202202202120222222222222212221221222122110022201212122220212220222222222212202221002220022210221022220121202222221120222212212001222022200222021122021202211202220022202
22210021220222202112222221212102222012201222002220012220221222222222212221202222121210222001122022212212221222222222222202120220220212022222222222221222122122202211002220021212222021222122222222221220222100222002220022102222002121222222112022221221200122202220022202112202120221120222002220
02221002122122220211222222021210222201220122200222001222022122222222221222120222202120022200112202221221222122222222222220212022022021202222222222222122212202221221100222012120222202122212222222222122022210022200222002210222201212122222211202222022120012220222002220211220212022112022200222
20222100212202222021122222212121022220122002220022200122202212222222222022212022220212102220011220222022122212222222222222021202202202120222222222222212221221222022110022201212022220212221222222222212202221002220022210221022220121202222221120222212212001222022200222021122021202211202220022
22022210021221222202112222221212102222012201222002220012220221222222222212221202222021210222001122022202212221222222222222202120220220212022222222222221222122122202211002220121212222021222022222222221220222100222002220022102222012121222222112022221221200122202220022202112202120221120222002
22202221002122022220211222222021210222201220122200222001222022122222222220222120222202120022200112202221221222122222222222220212022022021202222222222222122212212221221100222012121222202122202222222222122022210022200222102210222201212122222211202222022120012220222002220211220212022112022200
02220222100212212222021122222212121022220122002220022200122202212222222222122212022220212102220011220222022122212222222222222021202202202120222222222222212221221222122110022200212022220212221222222222212202221002220022210221022220121212222221120222212212001222022200222021122021202211202220
00222022210021221222202112222221212102222012200222002220012220221222222222212221202222021210222001122122212212221222222222222202120220220212022222222222221222122022202211002220021212222021222122222222221220222100222002220022102222012121222222112022221221200122202220022202112202120221120222
20022202221002122122220211222222121210222201220122200222001222022122222222221222120222212121022200112212221221222122222222222220212022022021202222222222222122212212220221100222012121222202122212222222222122022210022200222102210222200212122222211202222022120012220222002220211220212022112022
22002220222100212212222021122222212121022220122012220022200122202212222222222122212022221212102220011221222122122212222222222222021202202202120222222222222212221221222122110022201212122220212221222222222212202221002220022200221022220121202222221120222212212001222022200222021122021202211202
22200222022210021220222202112222221212102222012201222002220012220221222222222212221202222021200222001122022212212221222222222222202120220220212022222222222221222122122202211002220021212222021222122222222221220222100222002221022102222012121222222112022221221200122202220022202112202120221120
02220022202221002122122220211222222121210222201220022200222001222022122222222221222120222202121022200112202220221222122222222222220212022022021202222222222222122212212220221100222002121222202122212222222222122022210022200222102210222201212122222211202222122120012220222002220211220212022112
20222002220222100212202222021122222212120022220122012220022200122202212222222222122212022221212102220011220222022122212222222222222021202202202120222222222222212221221222022110022201212122220212220222222222212202221002220022210221022220021212222221120222212212001222022200222021122021202211
12022200222022210021221222202112222220212002222012200222002220012220221222222222202221202222121200222001122022212212221222222222222202120220220212022222222222221222122022202211002220121212222021222122222222221220222100222002221022102222002121222222112022221221200122202220022202112202120221
11202220022202221002122122220211222222021210222201220022200222001222022122222222221222120222212120022200112212221221222122222222222220212022022021202222222222222122212202221221100222012121222202122212222222222122022210022200222002210222200212122222211202222022120012220222002220211220212022
21120222002220222100212202222021122222212121022220122002220022200122202212222222222122212022221212002220011221222122122212222222222222021202202202120222222222222212221221222122110022200212022220212221222222222212202221002220022200221022220021212222221120222212212001222022200222021122021202
22112022200222022210021220222202112222220212002222012200222002220012220221222222222212221202222021200222001122122212212221222222222222202120220220212022222222222221222122122202211002220121212222021222122222222221220222100222002220022102222012121222222112022220221200122202220022202112202120
02211202220022202221002122122220211222222021210222201220122200222001222022122222222221222120222212120022200112212220221222122222222222220212022022021202222222222222122212212220221100222012120222202122212222222222122022210022200222002210222201212122222211202222122120012220222002220211220212
20221120222002220222100212212222021122222212120022220122012220022200122202212222222222122212022220212102220011220222122122212222222222222021202202202120222222222222212221221222122110022201212122220212220222222222212202221002220022200221022220121202222221120222212212001222022200222021122021
