0202200220211012212201220211022221102202222222022202120122212012112200110222212202222220121021011102122122111112202120220022021202211111221221201110120121022222202212222011002211210212221021202220222222202201122220112022102212210112022002202
2020220022021101221220122021102222110220222222202220212012221201211220011022221220222222012102101110212212211111220212022002202120221111122122120111012012102222220221222201100221121021222102120222022222220220112222011202210221221011202200220
0202022002202110122122012202110222211022022222220222021201222120121122001102222122022222201210210111021221221111122021202200220212022111112212212011101201210222222022122220110022112102122210212022202222222022011222201120221022122101120220022
2020202200220211012212201220211022221102202222222022202120122212012112200110222212202222220121021011102122122111112202120220022021202211111221221201110120121022222202212222011002211210212221021202220222222202201122220112022102212210112022002
2202020220022021101221220122021102222110220222222202220212012221201211220011022221220222222012102101110212212211111220212022002202120221111122122120111012012102222220221222201100221121021222102120222022222220220112222011202210221221011202200
0220202022002202110122122012202110222211022022222220222021201222120121122001102222122022222201210210111021221221111122021202200220212022111112212212011101201210222222022122220110022112102122210212022202222222022011222201120221022122101120220
0022020202200220211012212201220211022221102202222222022202120122212012112200110222212202222220121021011102122122111112202120220022021202211111221221201110120121022222202212222011002211210212221021202220222222202201122220112022102212210112022
2002202020220022021101221220122021102222110220222222202220212012221201211220011022221220222222012102101110212212211111220212022002202120221111122122120111012012102222220221222201100221121021222102120222022222220220112222011202210221221011202
2200220202022002202110122122012202110222211022022222220222021201222120121122001102222122022222201210210111021221221111122021202200220212022111112212212011101201210222222022122220110022112102122210212022202222222022011222201120221022122101120
0220022020202200220211012212201220211022221102202222222022202120122212012112200110222212202222220121021011102122122111112202120220022021202211111221221201110120121022222202212222011002211210212221021202220222222202201122220112022102212210112
2022002202020220022021101221220122021102222110220222222202220212012221201211220011022221220222222012102101110212212211111220212022002202120221111122122120111012012102222220221222201100221121021222102120222022222220220112222011202210221221011
1202200220202022002202110122122012202110222211022022222220222021201222120121122001102222122022222201210210111021221221111122021202200220212022111112212212011101201210222222022122220110022112102122210212022202222222022011222201120221022122101
1120220022020202200220211012212201220211022221102202222222022202120122212012112200110222212202222220121021011102122122111112202120220022021202211111221221201110120121022222202212222011002211210212221021202220222222202201122220112022102212210
0112022002202020220022021101221220122021102222110220222222202220212012221201211220011022221220222222012102101110212212211111220212022002202120221111122122120111012012102222220221222201100221121021222102120222022222220220112222011202210221221
1011202200220202022002202110122122012202110222211022022222220222021201222120121122001102222122022222201210210111021221221111122021202200220212022111112212212011101201210222222022122220110022112102122210212022202222222022011222201120221022122
2101120220022020202200220211012212201220211022221102202222222022202120122212012112200110222212202222220121021011102122122111112202120220022021202211111221221201110120121022222202212222011002211210212221021202220222222202201122220112022102212
2210112022002202020220022021101221220122021102222110220222222202220212012221201211220011022221220222222012102101110212212211111220212022002202120221111122122120111012012102222220221222201100221121021222102120222022222220220112222011202210221
1221011202200220202022002202110122122012202110222211022022222220222021201222120121122001102222122022222201210210111021221221111122021202200220212022111112212212011101201210222222022122220110022112102122210212022202222222022011222201120221022
2122101120220022020202200220211012212201220211022221102202222222022202120122212012112200110222212202222220121021011102122122111112202120220022021202211111221221201110120121022222202212222011002211210212221021202220222222202201122220112022102
2212210112022002202020220022021101221220122021102222110220222222202220212012221201211220011022221220222222012102101110212212211111220212022002202120221111122122120111012012102222220221222201100221121021222102120222022222220220112222011202210
0221221011202200220202022002202110122122012202110222211022022222220222021201222120121122001102222122022222201210210111021221221111122021202200220212022111112212212011101201210222222022122220110022112102122210212022202222222022011222201120221
1022122101120220022020202200220211012212201220211022221102202222222022202120122212012112200110222212202222220121021011102122122111112202120220022021202211111221221201110120121022222202212222011002211210212221021202220222222202201122220112022
2102212210112022002202020220022021101221220122021102222110220222222202220212012221201211220011022221220222222012102101110212212211111220212022002202120221111122122120111012012102222220221222201100221121021222102120222022222220220112222011202
2210221221011202200220202022002202110122122012202110222211022022222220222021201222120121122001102222122022222201210210111021221221111122021202200220212022111112212212011101201210222222022122220110022112102122210212022202222222022011222201120
0221022122101120220022020202200220211012212201220211022221102202222222022202120122212012112200110222212202222220121021011102122122111112202120220022021202211111221221201110120121022222202212222011002211210212221021202220222222202201122220112
2022102212210112022002202020220022021101221220122021102222110220222222202220212012221201211220011022221220222222012102101110212212211111220212022002202120221111122122120111012012102222220221222201100221121021222102120222022222220220112222011
1202210221221011202200220202022002202110122122012202110222211022022222220222021201222120121122001102222122022222201210210111021221221111122021202200220212022111112212212011101201210222222022122220110022112102122210212022202222222022011222201
1120221022122101120220022020202200220211012212201220211022221102202222222022202120122212012112200110222212202222220121021011102122122111112202120220022021202211111221221201110120121022222202212222011002211210212221021202220222222202201122220
0112022102212210112022002202020220022021101221220122021102222110220222222202220212012221201211220011022221220222222012102101110212212211111220212022002202120221111122122120111012012102222220221222201100221121021222102120222022222220220112222
2011202210221221011202200220202022002202110122122012202110222211022022222220222021201222120121122001102222122022222201210210111021221221111122021202200220212022111112212212011101201210222222022122220110022112102122210212022202222222022011222
2201120221022122101120220022020202200220211012212201220211022221102202222222022202120122212012112200110222212202222220121021011102122122111112202120220022021202211111221221201110120121022222202212222011002211210212221021202220222222202201122
2220112022102212210112022002202020220022021101221220122021102222110220222222202220212012221201211220011022221220222222012102101110212212211111220212022002202120221111122122120111012012102222220221222201100221121021222102120222022222220220112
2222011202210221221011202200220202022002202110122122012202110222211022022222220222021201222120121122001102222122022222201210210111021221221111122021202200220212022111112212212011101201210222222022122220110022112102122210212022202222222022011
1222201120221022122101120220022020202200220211012212201220211022221102202222222022202120122212012112200110222212202222220121021011102122122111112202120220022021202211111221221201110120121022222202212222011002211210212221021202220222222202201
1122220112022102212210112022002202020220022021101221220122021102222110220222222202220212012221201211220011022221220222222012102101110212212211111220212022002202120221111122122120111012012102222220221222201100221121021222102120222022222220220
0112222011202210221221011202200220202022002202110122122012202110222211022022222220222021201222120121122001102222122022222201210210111021221221111122021202200220212022111112212212011101201210222222022122220110022112102122210212022202222222022
2011222201120221022122101120220022020202200220211012212201220211022221102202222222022202120122212012112200110222212202222220121021011102122122111112202120220022021202211111221221201110120121022222202212222011002211210212221021202220222222202
2201122220112022102212210112022002202020220022021101221220122021102222110220222222202220212012221201211220011022221220222222012102101110212212211111220212022002202120221111122122120111012012102222220221222201100221121021222102120222022222220
0220112222011202210221221011202200220202022002202110122122012202110222211022022222220222021201222120121122001102222122022222201210210111021221221111122021202200220212022111112212212011101201210222222022122220110022112102122210212022202222222
2022011222201120221022122101120220022020202200220211012212201220211022221102202222222022202120122212012112200110222212202222220121021011102122122111112202120220022021202211111221221201110120121022222202212222011002211210212221021202220222222
2202201122220112022102212210112022002202020220022021101221220122021102222110220222222202220212012221201211220011022221220222222012102101110212212211111220212022002202120221111122122120111012012102222220221222201100221121021222102120222022222
2220220112222011202210221221011202200220202022002202110122122012202110222211022022222220222021201222120121122001102222122022222201210210111021221221111122021202200220212022111112212212011101201210222222022122220110022112102122210212022202222
2222022011222201120221022122101120220022020202200220211012212201220211022221102202222222022202120122212012112200110222212202222220121021011102122122111112202120220022021202211111221221201110120121022222202212222011002211210212221021202220222
2222202201122220112022102212210112022002202020220022021101221220122021102222110220222222202220212012221201211220011022221220222222012102101110212212211111220212022002202120221111122122120111012012102222220221222201100221121021222102120222022
2222220220112222011202210221221011202200220202022002202110122122012202110222211022022222220222021201222120121122001102222122022222201210210111021221221111122021202200220212022111112212212011101201210222222022122220110022112102122210212022202
2222222022011222201120221022122101120220022020202200220211012212201220211022221102202222222022202120122212012112200110222212202222220121021011102122122111112202120220022021202211111221221201110120121022222202212222011002211210212221021202220
0222222202201122220112022102212210112022002202020220022021101221220122021102222110220222222202220212012221201211220011022221220222222012102101110212212211111220212022002202120221111122122120111012012102222220221222201100221121021222102120222
2022222220220112222011202210221221011202200220202022002202110122122012202110222211022022222220222021201222120121122001102222122022222201210210111021221221111122021202200220212022111112212212011101201210222222022122220110022112102122210212022
2202222222022011222201120221022122101120220022020202200220211012212201220211022221102202222222022202120122212012112200110222212202222220121021011102122122111112202120220022021202211111221221201110120121022222202212222011002211210212221021202
2220222222202201122220112022102212210112022002202020220022021101221220122021102222110220222222202220212012221201211220011022221220222222012102101110212212211111220212022002202120221111122122120111012012102222220221222201100221121021222102120
0222022222220220112222011202210221221011202200220202022002202110122122012202110222211022022222220222021201222120121122001102222122022222201210210111021221221111122021202200220212022111112212212011101201210222222022122220110022112102122210212
2022202222222022011222201120221022122101120220022020202200220211012212201220211022221102202222222022202120122212012112200110222212202222220121021011102122122111112202120220022021202211111221221201110120121022222202212222011002211210212221021
1202220222222202201122220112022102212210112022002202020220022021101221220122021102222110220222222202220212012221201211220011022221220222222012102101110212212211111220212022002202120221111122122120111012012102222220221222201100221121021222102
2120222022222220220112222011202210221221011202200220202022002202110122122012202110222211022022222220222021201222120121122001102222122022222201210210111021221221111122021202200220212022111112212212011101201210222222022122220110022112102122210
0212022202222222022011222201120221022122101120220022020202200220211012212201220211022221102202222222022202120122212012112200110222212202222220121021011102122122111112202120220022021202211111221221201110120121022222202212222011002211210212221
1021202220222222202201122220112022102212210112022002202020220022021101221220122021102222110220222222202220212012221201211220011022221220222222012102101110212212211111220212022002202120221111122122120111012012102222220221222201100221121021222
2102120222022222220220112222011202210221221011202200220202022002202110122122012202110222211022022222220222021201222120121122001102222122022222201210210111021221221111122021202200220212022111112212212011101201210222222022122220110022112102122
2210212022202222222022011222201120221022122101120220022020202200220211012212201220211022221102202222222022202120122212012112200110222212202222220121021011102122122111112202120220022021202211111221221201110120121022222202212222011002211210212
2221021202220222222202201122220112022102212210112022002202020220022021101221220122021102222110220222222202220212012221201211220011022221220222222012102101110212212211111220212022002202120221111122122120111012012102222220221222201100221121021
1222102120222022222220220112222011202210221221011202200220202022002202110122122012202110222211022022222220222021201222120121122001102222122022222201210210111021221221111122021202200220212022111112212212011101201210222222022122220110022112102
2122210212022202222222022011222201120221022122101120220022020202200220211012212201220211022221102202222222022202120122212012112200110222212202222220121021011102122122111112202120220022021202211111221221201110120121022222202212222011002211210
0212221021202220222222202201122220112022102212210112022002202020220022021101221220122021102222110220222222202220212012221201211220011022221220222222012102101110212212211111220212022002202120221111122122120111012012102222220221222201100221121
1021222102120222022222220220112222011202210221221011202200220202022002202110122122012202110222211022022222220222021201222120121122001102222122022222201210210111021221221111122021202200220212022111112212212011101201210222222022122220110022112
2102122210212022202222222022011222201120221022122101120220022020202200220211012212201220211022221102202222222022202120122212012112200110222212202222220121021011102122122111112202120220022021202211111221221201110120121022222202212222011002211
1210212221021202220222222202201122220112022102212210112022002202020220022021101221220122021102222110220222222202220212012221201211220011022221220222222012102101110212212211111220212022002202120221111122122120111012012102222220221222201100221
1121021222102120222022222220220112222011202210221221011202200220202022002202110122122012202110222211022022222220222021201222120121122001102222122022222201210210111021221221111122021202200220212022111112212212011101201210222222022122220110022
2112102122210212022202222222022011222201120221022122101120220022020202200220211012212201220211022221102202222222022202120122212012112200110222212202222220121021011102122122111112202120220022021202211111221221201110120121022222202212222011002
2211210212221021202220222222202201122220112022102212210112022002202020220022021101221220122021102222110220222222202220212012221201211220011022221220222222012102101110212212211111220212022002202120221111122122120111012012102222220221222201100
0221121021222102120222022222220220112222011202210221221011202200220202022002202110122122012202110222211022022222220222021201222120121122001102222122022222201210210111021221221111122021202200220212022111112212212011101201210222222022122220110
0022112102122210212022202222222022011222201120221022122101120220022020202200220211012212201220211022221102202222222022202120122212012112200110222212202222220121021011102122122111112202120220022021202211111221221201110120121022222202212222011
1002211210212221021202220222222202201122220112022102212210112022002202020220022021101221220122021102222110220222222202220212012221201211220011022221220222222012102101110212212211111220212022002202120221111122122120111012012102222220221222201
1100221121021222102120222022222220220112222011202210221221011202200220202022002202110122122012202110222211022022222220222021201222120121122001102222122022222201210210111021221221111122021202200220212022111112212212011101201210222222022122220
0110022112102122210212022202222222022011222201120221022122101120220022020202200220211012212201220211022221102202222222022202120122212012112200110222212202222220121021011102122122111112202120220022021202211111221221201110120121022222202212222
2011002211210212221021202220222222202201122220112022102212210112022002202020220022021101221220122021102222110220222222202220212012221201211220011022221220222222012102101110212212211111220212022002202120221111122122120111012012102222220221222
2201100221121021222102120222022222220220112222011202210221221011202200220202022002202110122122012202110222211022022222220222021201222120121122001102222122022222201210210111021221221111122021202200220212022111112212212011101201210222222022122
2220110022112102122210212022202222222022011222201120221022122101120220022020202200220211012212201220211022221102202222222022202120122212012112200110222212202222220121021011102122122111112202120220022021202211111221221201110120121022222202212
2222011002211210212221021202220222222202201122220112022102212210112022002202020220022021101221220122021102222110220222222202220212012221201211220011022221220222222012102101110212212211111220212022002202120221111122122120111012012102222220221
1222201100221121021222102120222022222220220112222011202210221221011202200220202022002202110122122012202110222211022022222220222021201222120121122001102222122022222201210210111021221221111122021202200220212022111112212212011101201210222222022
2122220110022112102122210212022202222222022011222201120221022122101120220022020202200220211012212201220211022221102202222222022202120122212012112200110222212202222220121021011102122122111112202120220022021202211111221221201110120121022222202
2212222011002211210212221021202220222222202201122220112022102212210112022002202020220022021101221220122021102222110220222222202220212012221201211220011022221220222222012102101110212212211111220212022002202120221111122122120111012012102222220
0221222201100221121021222102120222022222220220112222011202210221221011202200220202022002202110122122012202110222211022022222220222021201222120121122001102222122022222201210210111021221221111122021202200220212022111112212212011101201210222222
2022122220110022112102122210212022202222222022011222201120221022122101120220022020202200220211012212201220211022221102202222222022202120122212012112200110222212202222220121021011102122122111112202120220022021202211111221221201110120121022222
2202212222011002211210212221021202220222222202201122220112022102212210112022002202020220022021101221220122021102222110220222222202220212012221201211220011022221220222222012102101110212212211111220212022002202120221111122122120111012012102222
2220221222201100221121021222102120222022222220220112222011202210221221011202200220202022002202110122122012202110222211022022222220222021201222120121122001102222122022222201210210111021221221111122021202200220212022111112212212011101201210222
2222022122220110022112102122210212022202222222022011222201120221022122101120220022020202200220211012212201220211022221102202222222022202120122212012112200110222212202222220121021011102122122111112202120220022021202211111221221201110120121022
2222202212222011002211210212221021202220222222202201122220112022102212210112022002202020220022021101221220122021102222110220222222202220212012221201211220011022221220222222012102101110212212211111220212022002202120221111122122120111012012102
2222220221222201100221121021222102120222022222220220112222011202210221221011202200220202022002202110122122012202110222211022022222220222021201222120121122001102222122022222201210210111021221221111122021202200220212022111112212212011101201210
0222222022122220110022112102122210212022202222222022011222201120221022122101120220022020202200220211012212201220211022221102202222222022202120122212012112200110222212202222220121021011102122122111112202120220022021202211111221221201110120121
1022222202212222011002211210212221021202220222222202201122220112022102212210112022002202020220022021101221220122021102222110220222222202220212012221201211220011022221220222222012102101110212212211111220212022002202120221111122122120111012012
2102222220221222201100221121021222102120222022222220220112222011202210221221011202200220202022002202110122122012202110222211022022222220222021201222120121122001102222122022222201210210111021221221111122021202200220212022111112212212011101201
1210222222022122220110022112102122210212022202222222022011222201120221022122101120220022020202200220211012212201220211022221102202222222022202120122212012112200110222212202222220121021011102122122111112202120220022021202211111221221201110120
0121022222202212222011002211210212221021202220222222202201122220112022102212210112022002202020220022021101221220122021102222110220222222202220212012221201211220011022221220222222012102101110212212211111220212022002202120221111122122120111012
2012102222220221222201100221121021222102120222022222220220112222011202210221221011202200220202022002202110122122012202110222211022022222220222021201222120121122001102222122022222201210210111021221221111122021202200220212022111112212212011101
1201210222222022122220110022112102122210212022202222222022011222201120221022122101120220022020202200220211012212201220211022221102202222222022202120122212012112200110222212202222220121021011102122122111112202120220022021202211111221221201110
0120121022222202212222011002211210212221021202220222222202201122220112022102212210112022002202020220022021101221220122021102222110220222222202220212012221201211220011022221220222222012102101110212212211111220212022002202120221111122122120111
1012012102222220221222201100221121021222102120222022222220220112222011202210221221011202200220202022002202110122122012202110222211022022222220222021201222120121122001102222122022222201210210111021221221111122021202200220212022111112212212011
1101201210222222022122220110022112102122210212022202222222022011222201120221022122101120220022020202200220211012212201220211022221102202222222022202120122212012112200110222212202222220121021011102122122111112202120220022021202211111221221201
1110120121022222202212222011002211210212221021202220222222202201122220112022102212210112022002202020220022021101221220122021102222110220222222202220212012221201211220011022221220222222012102101110212212211111220212022002202120221111122122120
0111012012102222220221222201100221121021222102120222022222220220112222011202210221221011202200220202022002202110122122012202110222211022022222220222021201222120121122001102222122022222201210210111021221221111122021202200220212022111112212212
2011101201210222222022122220110022112102122210212022202222222022011222201120221022122101120220022020202200220211012212201220211022221102202222222022202120122212012112200110222212202222220121021011102122122111112202120220022021202211111221221
1201110120121022222202212222011002211210212221021202220222222202201122220112022102212210112022002202020220022021101221220122021102222110220222222202220212012221201211220011022221220222222012102101110212212211111220212022002202120221111122122
2120111012012102222220221222201100221121021222102120222022222220220112222011202210221221011202200220202022002202110122122012202110222211022022222220222021201222120121122001102222122022222201210210111021221221111122021202200220212022111112212
2212011101201210222222022122220110022112102122210212022202222222022011222201120221022122101120220022020202200220211012212201220211022221102202222222022202120122212012112200110222212202222220121021011102122122111112202120220022021202211111221
1221201110120121022222202212222011002211210212221021202220222222202201122220112022102212210112022002202020220022021101221220122021102222110220222222202220212012221201211220011022221220222222012102101110212212211111220212022002202120221111122
2122120111012012102222220221222201100221121021222102120222022222220220112222011202210221221011202200220202022002202110122122012202110222211022022222220222021201222120121122001102222122022222201210210111021221221111122021202200220212022111112
2212212011101201210222222022122220110022112102122210212022202222222022011222201120221022122101120220022020202200220211012212201220211022221102202222222022202120122212012112200110222212202222220121021011102122122111112202120220022021202211111
1221221201110120121022222202212222011002211210212221021202220222222202201122220112022102212210112022002202020220022021101221220122021102222110220222222202220212012221201211220011022221220222222012102101110212212211111220212022002202120221111
1122122120111012012102222220221222201100221121021222102120222022222220220112222011202210221221011202200220202022002202110122122012202110222211022022222220222021201222120121122001102222122022222201210210111021221221111122021202200220212022111
1112212212011101201210222222022122220110022112102122210212022202222222022011222201120221022122101120220022020202200220211012212201220211022221102202222222022202120122212012112200110222212202222220121021011102122122111112202120220022021202211
1111221221201110120121022222202212222011002211210212221021202220222222202201122220112022102212210112022002202020220022021101221220122021102222110220222222202220212012221201211220011022221220222222012102101110212212211111220212022002202120221
1111122122120111012012102222220221222201100221121021222102120222022222220220112222011202210221221011202200220202022002202110122122012202110222211022022222220222021201222120121122001102222122022222201210210111021221221111122021202200220212022
2111112212212011101201210222222022122220110022112102122210212022202222222022011222201120221022122101120220022020202200220211012212201220211022221102202222222022202120122212012112200110222212202222220121021011102122122111112202120220022021202
2211111221221201110120121022222202212222011002211210212221021202220222222202201122220112022102212210112022002202020220022021101221220122021102222110220222222202220212012221201211220011022221220222222012102101110212212211111220212022002202120
0221111122122120111012012102222220221222201100221121021222102120222022222220220112222011202210221221011202200220202022002202110122122012202110222211022022222220222021201222120121122001102222122022222201210210111021221221111122021202200220212
2022111112212212011101201210222222022122220110022112102122210212022202222222022011222201120221022122101120220022020202200220211012212201220211022221102202222222022202120122212012112200110222212202222220121021011102122122111112202120220022021
1202211111221221201110120121022222202212222011002211210212221021202220222222202201122220112022102212210112022002202020220022021101221220122021102222110220222222202220212012221201211220011022221220222222012102101110212212211111220212022002202
2120221111122122120111012012102222220221222201100221121021222102120222022222220220112222011202210221221011202200220202022002202110122122012202110222211022022222220222021201222120121122001102222122022222201210210111021221221111122021202200220
0212022111112212212011101201210222222022122220110022112102122210212022202222222022011222201120221022122101120220022020202200220211012212201220211022221102202222222022202120122212012112200110222212202222220121021011102122122111112202120220022
2021202211111221221201110120121022222202212222011002211210212221021202220222222202201122220112022102212210112022002202020220022021101221220122021102222110220222222202220212012221201211220011022221220222222012102101110212212211111220212022002
2202120221111122122120111012012102222220221222201100221121021222102120222022222220220112222011202210221221011202200220202022002202110122122012202110222211022022222220222021201222120121122001102222122022222201210210111021221221111122021202200
0220212022111112212212011101201210222222022122220110022112102122210212022202222222022011222201120221022122101120220022020202200220211012212201220211022221102202222222022202120122212012112200110222212202222220121021011102122122111112202120220
0022021202211111221221201110120121022222202212222011002211210212221021202220222222202201122220112022102212210112022002202020220022021101221220122021102222110220222222202220212012221201211220011022221220222222012102101110212212211111220212022
2002202120221111122122120111012012102222220221222201100221121021222102120222022222220220112222011202210221221011202200220202022002202110122122012202110222211022022222220222021201222120121122001102222122022222201210210111021221221111122021202
2200220212022111112212212011101201210222222022122220110022112102122210212022202222222022011222201120221022122101120220022020202200220211012212201220211022221102202222222022202120122212012112200110222212202222220121021011102122122111112202120
0220022021202211111221221201110120121022222202212222011002211210212221021202220222222202201122220112022102212210112022002202020220022021101221220122021102222110220222222202220212012221201211220011022221220222222012102101110212212211111220212
2022002202120221111122122120111012012102222220221222201100221121021222102120222022222220220112222011202210221221011202200220202022002202110122122012202110222211022022222220222021201222120121122001102222122022222201210210111021221221111122021
1202200220212022111112212212011101201210222222022122220110022112102122210212022202222222022011222201120221022122101120220022020202200220211012212201220211022221102202222222022202120122212012112200110222212202222220121021011102122122111112202
2120220022021202211111221221201110120121022222202212222011002211210212221021202220222222202201122220112022102212210112022002202020220022021101221220122021102222110220222222202220212012221201211220011022221220222222012102101110212212211111220
0212022002202120221111122122120111012012102222220221222201100221121021222102120222022222220220112222011202210221221011202200220202022002202110122122012202110222211022022222220222021201222120121122001102222122022222201210210111021221221111122
2021202200220212022111112212212011101201210222222022122220110022112102122210212022202222222022011222201120221022122101120220022020202200220211012212201220211022221102202222222022202120122212012112200110222212202222220121021011102122122111112
2202120220022021202211111221221201110120121022222202212222011002211210212221021202220222222202201122220112022102212210112022002202020220022021101221220122021102222110220222222202220212012221201211220011022221220222222012102101110212212211111
1220212022002202120221111122122120111012012102222220221222201100221121021222102120222022222220220112222011202210221221011202200220202022002202110122122012202110222211022022222220222021201222120121122001102222122022222201210210111021221221111
1122021202200220212022111112212212011101201210222222022122220110022112102122210212022202222222022011222201120221022122101120220022020202200220211012212201220211022221102202222222022202120122212012112200110222212202222220121021011102122122111
1112202120220022021202211111221221201110120121022222202212222011002211210212221021202220222222202201122220112022102212210112022002202020220022021101221220122021102222110220222222202220212012221201211220011022221220222222012102101110212212211
1111220212022002202120221111122122120111012012102222220221222201100221121021222102120222022222220220112222011202210221221011202200220202022002202110122122012202110222211022022222220222021201222120121122001102222122022222201210210111021221221
1111122021202200220212022111112212212011101201210222222022122220110022112102122210212022202222222022011222201120221022122101120220022020202200220211012212201220211022221102202222222022202120122212012112200110222212202222220121021011102122122
2111112202120220022021202211111221221201110120121022222202212222011002211210212221021202220222222202201122220112022102212210112022002202020220022021101221220122021102222110220222222202220212012221201211220011022221220222222012102101110212212
2211111220212022002202120221111122122120111012012102222220221222201100221121021222102120222022222220220112222011202210221221011202200220202022002202110122122012202110222211022022222220222021201222120121122001102222122022222201210210111021221
1221111122021202200220212022111112212212011101201210222222022122220110022112102122210212022202222222022011222201120221022122101120220022020202200220211012212201220211022221102202222222022202120122212012112200110222212202222220121021011102122
2122111112202120220022021202211111221221201110120121022222202212222011002211210212221021202220222222202201122220112022102212210112022002202020220022021101221220122021102222110220222222202220212012221201211220011022221220222222012102101110212
2212211111220212022002202120221111122122120111012012102222220221222201100221121021222102120222022222220220112222011202210221221011202200220202022002202110122122012202110222211022022222220222021201222120121122001102222122022222201210210111021
1221221111122021202200220212022111112212212011101201210222222022122220110022112102122210212022202222222022011222201120221022122101120220022020202200220211012212201220211022221102202222222022202120122212012112200110222212202222220121021011102
2122122111112202120220022021202211111221221201110120121022222202212222011002211210212221021202220222222202201122220112022102212210112022002202020220022021101221220122021102222110220222222202220212012221201211220011022221220222222012102101110
0212212211111220212022002202120221111122122120111012012102222220221222201100221121021222102120222022222220220112222011202210221221011202200220202022002202110122122012202110222211022022222220222021201222120121122001102222122022222201210210111
1021221221111122021202200220212022111112212212011101201210222222022122220110022112102122210212022202222222022011222201120221022122101120220022020202200220211012212201220211022221102202222222022202120122212012112200110222212202222220121021011
1102122122111112202120220022021202211111221221201110120121022222202212222011002211210212221021202220222222202201122220112022102212210112022002202020220022021101221220122021102222110220222222202220212012221201211220011022221220222222012102101
1110212212211111220212022002202120221111122122120111012012102222220221222201100221121021222102120222022222220220112222011202210221221011202200220202022002202110122122012202110222211022022222220222021201222120121122001102222122022222201210210
0111021221221111122021202200220212022111112212212011101201210222222022122220110022112102122210212022202222222022011222201120221022122101120220022020202200220211012212201220211022221102202222222022202120122212012112200110222212202222220121021
1011102122122111112202120220022021202211111221221201110120121022222202212222011002211210212221021202220222222202201122220112022102212210112022002202020220022021101221220122021102222110220222222202220212012221201211220011022221220222222012102
2101110212212211111220212022002202120221111122122120111012012102222220221222201100221121021222102120222022222220220112222011202210221221011202200220202022002202110122122012202110222211022022222220222021201222120121122001102222122022222201210
0210111021221221111122021202200220212022111112212212011101201210222222022122220110022112102122210212022202222222022011222201120221022122101120220022020202200220211012212201220211022221102202222222022202120122212012112200110222212202222220121
1021011102122122111112202120220022021202211111221221201110120121022222202212222011002211210212221021202220222222202201122220112022102212210112022002202020220022021101221220122021102222110220222222202220212012221201211220011022221220222222012
2102101110212212211111220212022002202120221111122122120111012012102222220221222201100221121021222102120222022222220220112222011202210221221011202200220202022002202110122122012202110222211022022222220222021201222120121122001102222122022222201
1210210111021221221111122021202200220212022111112212212011101201210222222022122220110022112102122210212022202222222022011222201120221022122101120220022020202200220211012212201220211022221102202222222022202120122212012112200110222212202222220
0121021011102122122111112202120220022021202211111221221201110120121022222202212222011002211210212221021202220222222202201122220112022102212210112022002202020220022021101221220122021102222110220222222202220212012221201211220011022221220222222
2012102101110212212211111220212022002202120221111122122120111012012102222220221222201100221121021222102120222022222220220112222011202210221221011202200220202022002202110122122012202110222211022022222220222021201222120121122001102222122022222
2201210210111021221221111122021202200220212022111112212212011101201210222222022122220110022112102122210212022202222222022011222201120221022122101120220022020202200220211012212201220211022221102202222222022202120122212012112200110222212202222
2220121021011102122122111112202120220022021202211111221221201110120121022222202212222011002211210212221021202220222222202201122220112022102212210112022002202020220022021101221220122021102222110220222222202220212012221201211220011022221220222
2222012102101110212212211111220212022002202120221111122122120111012012102222220221222201100221121021222102120222022222220220112222011202210221221011202200220202022002202110122122012202110222211022022222220222021201222120121122001102222122022
2222201210210111021221221111122021202200220212022111112212212011101201210222222022122220110022112102122210212022202222222022011222201120221022122101120220022020202200220211012212201220211022221102202222222022202120122212012112200110222212202
2222220121021011102122122111112202120220022021202211111221221201110120121022222202212222011002211210212221021202220222222202201122220112022102212210112022002202020220022021101221220122021102222110220222222202220212012221201211220011022221220
0222222012102101110212212211111220212022002202120221111122122120111012012102222220221222201100221121021222102120222022222220220112222011202210221221011202200220202022002202110122122012202110222211022022222220222021201222120121122001102222122
2022222201210210111021221221111122021202200220212022111112212212011101201210222222022122220110022112102122210212022202222222022011222201120221022122101120220022020202200220211012212201220211022221102202222222022202120122212012112200110222212
2202222220121021011102122122111112202120220022021202211111221221201110120121022222202212222011002211210212221021202220222222202201122220112022102212210112022002202020220022021101221220122021102222110220222222202220212012221201211220011022221
1220222222012102101110212212211111220212022002202120221111122122120111012012102222220221222201100221121021222102120222022222220220112222011202210221221011202200220202022002202110122122012202110222211022022222220222021201222120121122001102222
2122022222201210210111021221221111122021202200220212022111112212212011101201210222222022122220110022112102122210212022202222222022011222201120221022122101120220022020202200220211012212201220211022221102202222222022202120122212012112200110222
2212202222220121021011102122122111112202120220022021202211111221221201110120121022222202212222011002211210212221021202220222222202201122220112022102212210112022002202020220022021101221220122021102222110220222222202220212012221201211220011022
2221220222222012102101110212212211111220212022002202120221111122122120111012012102222220221222201100221121021222102120222022222220220112222011202210221221011202200220202022002202110122122012202110222211022022222220222021201222120121122001102
2222122022222201210210111021221221111122021202200220212022111112212212011101201210222222022122220110022112102122210212022202222222022011222201120221022122101120220022020202200220211012212201220211022221102202222222022202120122212012112200110
0222212202222220121021011102122122111112202120220022021202211111221221201110120121022222202212222011002211210212221021202220222222202201122220112022102212210112022002202020220022021101221220122021102222110220222222202220212012221201211220011
1022221220222222012102101110212212211111220212022002202120221111122122120111012012102222220221222201100221121021222102120222022222220220112222011202210221221011202200220202022002202110122122012202110222211022022222220222021201222120121122001
1102222122022222201210210111021221221111122021202200220212022111112212212011101201210222222022122220110022112102122210212022202222222022011222201120221022122101120220022020202200220211012212201220211022221102202222222022202120122212012112200
0110222212202222220121021011102122122111112202120220022021202211111221221201110120121022222202212222011002211210212221021202220222222202201122220112022102212210112022002202020220022021101221220122021102222110220222222202220212012221201211220
0011022221220222222012102101110212212211111220212022002202120221111122122120111012012102222220221222201100221121021222102120222022222220220112222011202210221221011202200220202022002202110122122012202110222211022022222220222021201222120121122
2001102222122022222201210210111021221221111122021202200220212022111112212212011101201210222222022122220110022112102122210212022202222222022011222201120221022122101120220022020202200220211012212201220211022221102202222222022202120122212012112
2200110222212202222220121021011102122122111112202120220022021202211111221221201110120121022222202212222011002211210212221021202220222222202201122220112022102212210112022002202020220022021101221220122021102222110220222222202220212012221201211
1220011022221220222222012102101110212212211111220212022002202120221111122122120111012012102222220221222201100221121021222102120222022222220220112222011202210221221011202200220202022002202110122122012202110222211022022222220222021201222120121
1122001102222122022222201210210111021221221111122021202200220212022111112212212011101201210222222022122220110022112102122210212022202222222022011222201120221022122101120220022020202200220211012212201220211022221102202222222022202120122212012
2112200110222212202222220121021011102122122111112202120220022021202211111221221201110120121022222202212222011002211210212221021202220222222202201122220112022102212210112022002202020220022021101221220122021102222110220222222202220212012221201
1211220011022221220222222012102101110212212211111220212022002202120221111122122120111012012102222220221222201100221121021222102120222022222220220112222011202210221221011202200220202022002202110122122012202110222211022022222220222021201222120
0121122001102222122022222201210210111021221221111122021202200220212022111112212212011101201210222222022122220110022112102122210212022202222222022011222201120221022122101120220022020202200220211012212201220211022221102202222222022202120122212
2012112200110222212202222220121021011102122122111112202120220022021202211111221221201110120121022222202212222011002211210212221021202220222222202201122220112022102212210112022002202020220022021101221220122021102222110220222222202220212012221
1201211220011022221220222222012102101110212212211111220212022002202120221111122122120111012012102222220221222201100221121021222102120222022222220220112222011202210221221011202200220202022002202110122122012202110222211022022222220222021201222
2120121122001102222122022222201210210111021221221111122021202200220212022111112212212011101201210222222022122220110022112102122210212022202222222022011222201120221022122101120220022020202200220211012212201220211022221102202222222022202120122
2212012112200110222212202222220121021011102122122111112202120220022021202211111221221201110120121022222202212222011002211210212221021202220222222202201122220112022102212210112022002202020220022021101221220122021102222110220222222202220212012
2221201211220011022221220222222012102101110212212211111220212022002202120221111122122120111012012102222220221222201100221121021222102120222022222220220112222011202210221221011202200220202022002202110122122012202110222211022022222220222021201
1222120121122001102222122022222201210210111021221221111122021202200220212022111112212212011101201210222222022122220110022112102122210212022202222222022011222201120221022122101120220022020202200220211012212201220211022221102202222222022202120
0122212012112200110222212202222220121021011102122122111112202120220022021202211111221221201110120121022222202212222011002211210212221021202220222222202201122220112022102212210112022002202020220022021101221220122021102222110220222222202220212
2012221201211220011022221220222222012102101110212212211111220212022002202120221111122122120111012012102222220221222201100221121021222102120222022222220220112222011202210221221011202200220202022002202110122122012202110222211022022222220222021
1201222120121122001102222122022222201210210111021221221111122021202200220212022111112212212011101201210222222022122220110022112102122210212022202222222022011222201120221022122101120220022020202200220211012212201220211022221102202222222022202
2120122212012112200110222212202222220121021011102122122111112202120220022021202211111221221201110120121022222202212222011002211210212221021202220222222202201122220112022102212210112022002202020220022021101221220122021102222110220222222202220
0212012221201211220011022221220222222012102101110212212211111220212022002202120221111122122120111012012102222220221222201100221121021222102120222022222220220112222011202210221221011202200220202022002202110122122012202110222211022022222220222
2021201222120121122001102222122022222201210210111021221221111122021202200220212022111112212212011101201210222222022122220110022112102122210212022202222222022011222201120221022122101120220022020202200220211012212201220211022221102202222222022
2202120122212012112200110222212202222220121021011102122122111112202120220022021202211111221221201110120121022222202212222011002211210212221021202220222222202201122220112022102212210112022002202020220022021101221220122021102222110220222222202
2220212012221201211220011022221220222222012102101110212212211111220212022002202120221111122122120111012012102222220221222201100221121021222102120222022222220220112222011202210221221011202200220202022002202110122122012202110222211022022222220
0222021201222120121122001102222122022222201210210111021221221111122021202200220212022111112212212011101201210222222022122220110022112102122210212022202222222022011222201120221022122101120220022020202200220211012212201220211022221102202222222
2022202120122212012112200110222212202222220121021011102122122111112202120220022021202211111221221201110120121022222202212222011002211210212221021202220222222202201122220112022102212210112022002202020220022021101221220122021102222110220222222
2202220212012221201211220011022221220222222012102101110212212211111220212022002202120221111122122120111012012102222220221222201100221121021222102120222022222220220112222011202210221221011202200220202022002202110122122012202110222211022022222
2220222021201222120121122001102222122022222201210210111021221221111122021202200220212022111112212212011101201210222222022122220110022112102122210212022202222222022011222201120221022122101120220022020202200220211012212201220211022221102202222
2222022202120122212012112200110222212202222220121021011102122122111112202120220022021202211111221221201110120121022222202212222011002211210212221021202220222222202201122220112022102212210112022002202020220022021101221220122021102222110220222
2222202220212012221201211220011022221220222222012102101110212212211111220212022002202120221111122122120111012012102222220221222201100221121021222102120222022222220220112222011202210221221011202200220202022002202110122122012202110222211022022
2222220222021201222120121122001102222122022222201210210111021221221111122021202200220212022111112212212011101201210222222022122220110022112102122210212022202222222022011222201120221022122101120220022020202200220211012212201220211022221102202
2222222022202120122212012112200110222212202222220121021011102122122111112202120220022021202211111221221201110120121022222202212222011002211210212221021202220222222202201122220112022102212210112022002202020220022021101221220122021102222110220
0222222202220212012221201211220011022221220222222012102101110212212211111220212022002202120221111122122120111012012102222220221222201100221121021222102120222022222220220112222011202210221221011202200220202022002202110122122012202110222211022
2022222220222021201222120121122001102222122022222201210210111021221221111122021202200220212022111112212212011101201210222222022122220110022112102122210212022202222222022011222201120221022122101120220022020202200220211012212201220211022221102
2202222222022202120122212012112200110222212202222220121021011102122122111112202120220022021202211111221221201110120121022222202212222011002211210212221021202220222222202201122220112022102212210112022002202020220022021101221220122021102222110
0220222222202220212012221201211220011022221220222222012102101110212212211111220212022002202120221111122122120111012012102222220221222201100221121021222102120222022222220220112222011202210221221011202200220202022002202110122122012202110222211
1022022222220222021201222120121122001102222122022222201210210111021221221111122021202200220212022111112212212011101201210222222022122220110022112102122210212022202222222022011222201120221022122101120220022020202200220211012212201220211022221
1102202222222022202120122212012112200110222212202222220121021011102122122111112202120220022021202211111221221201110120121022222202212222011002211210212221021202220222222202201122220112022102212210112022002202020220022021101221220122021102222
2110220222222202220212012221201211220011022221220222222012102101110212212211111220212022002202120221111122122120111012012102222220221222201100221121021222102120222022222220220112222011202210221221011202200220202022002202110122122012202110222
2211022022222220222021201222120121122001102222122022222201210210111021221221111122021202200220212022111112212212011101201210222222022122220110022112102122210212022202222222022011222201120221022122101120220022020202200220211012212201220211022
2221102202222222022202120122212012112200110222212202222220121021011102122122111112202120220022021202211111221221201110120121022222202212222011002211210212221021202220222222202201122220112022102212210112022002202020220022021101221220122021102
2222110220222222202220212012221201211220011022221220222222012102101110212212211111220212022002202120221111122122120111012012102222220221222201100221121021222102120222022222220220112222011202210221221011202200220202022002202110122122012202110
0222211022022222220222021201222120121122001102222122022222201210210111021221221111122021202200220212022111112212212011101201210222222022122220110022112102122210212022202222222022011222201120221022122101120220022020202200220211012212201220211
1022221102202222222022202120122212012112200110222212202222220121021011102122122111112202120220022021202211111221221201110120121022222202212222011002211210212221021202220222222202201122220112022102212210112022002202020220022021101221220122021
1102222110220222222202220212012221201211220011022221220222222012102101110212212211111220212022002202120221111122122120111012012102222220221222201100221121021222102120222022222220220112222011202210221221011202200220202022002202110122122012202
2110222211022022222220222021201222120121122001102222122022222201210210111021221221111122021202200220212022111112212212011101201210222222022122220110022112102122210212022202222222022011222201120221022122101120220022020202200220211012212201220
0211022221102202222222022202120122212012112200110222212202222220121021011102122122111112202120220022021202211111221221201110120121022222202212222011002211210212221021202220222222202201122220112022102212210112022002202020220022021101221220122
2021102222110220222222202220212012221201211220011022221220222222012102101110212212211111220212022002202120221111122122120111012012102222220221222201100221121021222102120222022222220220112222011202210221221011202200220202022002202110122122012
2202110222211022022222220222021201222120121122001102222122022222201210210111021221221111122021202200220212022111112212212011101201210222222022122220110022112102122210212022202222222022011222201120221022122101120220022020202200220211012212201
1220211022221102202222222022202120122212012112200110222212202222220121021011102122122111112202120220022021202211111221221201110120121022222202212222011002211210212221021202220222222202201122220112022102212210112022002202020220022021101221220
0122021102222110220222222202220212012221201211220011022221220222222012102101110212212211111220212022002202120221111122122120111012012102222220221222201100221121021222102120222022222220220112222011202210221221011202200220202022002202110122122
2012202110222211022022222220222021201222120121122001102222122022222201210210111021221221111122021202200220212022111112212212011101201210222222022122220110022112102122210212022202222222022011222201120221022122101120220022020202200220211012212
2201220211022221102202222222022202120122212012112200110222212202222220121021011102122122111112202120220022021202211111221221201110120121022222202212222011002211210212221021202220222222202201122220112022102212210112022002202020220022021101221
1220122021102222110220222222202220212012221201211220011022221220222222012102101110212212211111220212022002202120221111122122120111012012102222220221222201100221121021222102120222022222220220112222011202210221221011202200220202022002202110122
2122012202110222211022022222220222021201222120121122001102222122022222201210210111021221221111122021202200220212022111112212212011101201210222222022122220110022112102122210212022202222222022011222201120221022122101120220022020202200220211012
2212201220211022221102202222222022202120122212012112200110222212202222220121021011102122122111112202120220022021202211111221221201110120121022222202212222011002211210212221021202220222222202201122220112022102212210112022002202020220022021101
1221220122021102222110220222222202220212012221201211220011022221220222222012102101110212212211111220212022002202120221111122122120111012012102222220221222201100221121021222102120222022222220220112222011202210221221011202200220202022002202110
0122122012202110222211022022222220222021201222120121122001102222122022222201210210111021221221111122021202200220212022111112212212011101201210222222022122220110022112102122210212022202222222022011222201120221022122101120220022020202200220211
1012212201220211022221102202222222022202120122212012112200110222212202222220121021011102122122111112202120220022021202211111221221201110120121022222202212222011002211210212221021202220222222202201122220112022102212210112022002202020220022021
1101221220122021102222110220222222202220212012221201211220011022221220222222012102101110212212211111220212022002202120221111122122120111012012102222220221222201100221121021222102120222022222220220112222011202210221221011202200220202022002202
2110122122012202110222211022022222220222021201222120121122001102222122022222201210210111021221221111122021202200220212022111112212212011101201210222222022122220110022112102122210212022202222222022011222201120221022122101120220022020202200220
0211012212201220211022221102202222222022202120122212012112200110222212202222220121021011102122122111112202120220022021202211111221221201110120121022222202212222011002211210212221021202220222222202201122220112022102212210112022002202020220022
2021101221220122021102222110220222222202220212012221201211220011022221220222222012102101110212212211111220212022002202120221111122122120111012012102222220221222201100221121021222102120222022222220220112222011202210221221011202200220202022002
2202110122122012202110222211022022222220222021201222120121122001102222122022222201210210111021221221111122021202200220212022111112212212011101201210222222022122220110022112102122210212022202222222022011222201120221022122101120220022020202200
0220211012212201220211022221102202222222022202120122212012112200110222212202222220121021011102122122111112202120220022021202211111221221201110120121022222202212222011002211210212221021202220222222202201122220112022102212210112022002202020220
0022021101221220122021102222110220222222202220212012221201211220011022221220222222012102101110212212211111220212022002202120221111122122120111012012102222220221222201100221121021222102120222022222220220112222011202210221221011202200220202022
2002202110122122012202110222211022022222220222021201222120121122001102222122022222201210210111021221221111122021202200220212022111112212212011101201210222222022122220110022112102122210212022202222222022011222201120221022122101120220022020202
2200220211012212201220211022221102202222222022202120122212012112200110222212202222220121021011102122122111112202120220022021202211111221221201110120121022222202212222011002211210212221021202220222222202201122220112022102212210112022002202020
0220022021101221220122021102222110220222222202220212012221201211220011022221220222222012102101110212212211111220212022002202120221111122122120111012012102222220221222201100221121021222102120222022222220220112222011202210221221011202200220202
2022002202110122122012202110222211022022222220222021201222120121122001102222122022222201210210111021221221111122021202200220212022111112212212011101201210222222022122220110022112102122210212022202222222022011222201120221022122101120220022020

