00010011010111110110011110101111001111010111111011001101111110100101111110110011011111101011110011111101111001101111101011001001110111101
00001001101011111011001111010111100111101011111101100110111111010010111111011001101111110101111001111010111100110111110101100100101111111
00000100110101111101100111101011110011110101111110110011011111101001011111101100110111111010111100111101011110011011111010110011110110111
10000010011010111110110011110101111001111010111111011001101111110100101111110110011011111101011110011110101111001101111101011000111101111
01000001001101011111011001111010111100111101011111101100110111111010010111111011001101111110101111001111010111110110111110101101111000111
00100000100110101111101100111101011110011110101111110110011011111101001011111101100110111111010111100111101111110011011111010111101110111
10010000010011110111110110011110101111001111010111111011001101111110100101111110110011011111101011110011110101111001101111101011110111011
11001000001001111011111011001111010111100111101011111101100110111111010010111111011011101111110101111001111010111100110111110101111110110
01100100000100110101111101100111101011110011110101111110110011011111101001011111101100110111111010111100111101011110011011111010010111111
10110010000010011010111110110011110111111001111010111111011001101111110100101111110110011011111101011110011110101111001101111111011101100
01011001000001001101011111011001111010111100111101011111101100110111111010010111111011001101111110101111001111010111100110111111101111011
10101100100010100110101111101100111101011110011110101111110110011011111101001011111101100110111111010111100111101011110011011111101101111
11010110010100010011010111110110011110101111001111010111111011001101111110100101111110110011011111101011110011110101111001101111110111011
11101011001000001001101011111011001111010111100111101011111101100110111111010010111111011001101111110101111001111010111100110111101111011
11110111100100000100110101111101100111101011110011110101111110110011011111101001011111101100110111111010111100111101011110011011101110110
11111011110010000110011010111110110011111111111001111010111111011001101111110100101111110110011011111101011110011110101111001101111111000
01111101011001000001001101011111011001111011111100111101011111101100110111111010010111111011001101111110101111001111010111100110111101111
10111110101100110000100110101111101100111101011110011110101111110110011011111101001011111101100110111111010111100111101011110011111100111
11011111010110010000010011010111110110011110101111001111010111111011001101111110100101111110110011011111101011110011110101111001111110011
01101111101011001000001001101011111011001111010111100111101011111101100110111111010010111111011001101111110101111001111010111101011111011
00110111110101100100000100110101111101100111101011110011110101111110110011011111101001011111101100110111111010111100111101011111110101111
10011011111010110010000010011010111110110011110101111001111010111111111001101111110100101111110110011011111101011110011110101111011010111
11001101111101011001000001001101011111011001111010111100111101011111101101110111111010010111111011001101111110101111001111010110111111011
11100110111110101100100000100110101111101100111101011110011110101111110110011011111101001011111101100110111111010111100111101011110111111
11110011011111010110010000010011010111110110011110101111001111010111111011001101111110100101111110110011011111101011110011110101110111010
01111001101111101011001000011001101011111011001111010111100111101011111101100110111111010010111111011001101111110111111001111010101111111
10111100110111110101100100000100110101111101100111101011110011110101111110110011011111101001011111101100110111111010111100111101011111110
01011110011011111010110011000010011010111110110011110101111001111010111111011001101111110100101111110110011011111101011110011111011011111
10101111001101111101011001000001011101011111011001111010111100111101111111101100110111111010010111111011011101111110101111001111101100101
11010111100110111110101100100000100110101111101100111101011110011110101111110110011011111101001011111101100110111111010111100111100111111
11101011110011011111010110010000010011010111110110011110101111001111010111111011001101111110100101111110110011011111101011110011011110011
11110101111001101111101011001000001011101111111011001111010111100111101011111101100110111111010010111111011001101111110101111000110101101
01111010111100110111110101100100000110110101111101100111101011110011110101111110110011011111101001011111101100110111111010111101111001101
00111101011110011011111010111010000010011010111110110011110101111001111010111111011001101111110100101111110110011011111101011110111011010
10011110101111001101111101011001000001001101011111011001111010111100111101011111101100110111111010010111111011001101111110101111101101011
11001111010111100110111110101100100000100110101111101100111101011110011110101111110110011011111101001011111111101110111111010111111000111
11100111111011110011011111010111110000010011011111110110011110101111001111010111111011001101111110100101111110110111011111101010001111101
11110011110101111001101111101011001000001101101011111011001111010111100111101011111101100110111111010010111111011001111111110100110101111
01111001111010111100110111110101100100000100110101111101100111101011110011110101111110110011011111101001011111101100110111111011011101111
10111100111101011110011011111010110010000010011010111110110011110101111001111010111111011001101111110100101111110110011011111100111111001
01011110011110111111001101111101011001000001001101011111011001111010111100111101011111101100110111111010010111111011001101111110111101110
10101111001111010111100110111111101101100000100110111111111100111101011110011110101111110110111011111101001111111101100110111111110001101
11010111100111111011110011011111010110010000010011010111110111011110101111001111010111111011001101111110100101111110110011011110100011111
11101011110011111101111001101111101011001000001001101011111011001111010111100111101011111101100110111111010010111111011001101110111110111
11110101111001111010111100110111110101100100000100110101111101100111101011110011110101111110110111011111101001011111101100110111010101111
11111010111100111101011110011011111010110010000010011010111110110011110101111001111010111111011001101111110100101111110110011010011011111
11111101011110011110101111001101111111011001000001001111011111011001111010111100111101011111101100110111111010010111111011001100111101001
01111110101111001111010111100110111110101100100000100110101111101100111101011110011110101111110110111011111101001011111101100111001111011
10111111010111100111101011110011011111010110010000010011010111110110011110101111001111010111111011001101111110100101111110110011011110111
11011111101011110011110101111001101111101011001000001001101011111011001111010111100111101011111101100110111111010010111111011000101110111
01101111110101111001111010111100110111110101100100000100110101111101100111101011110011110101111110110011011111101011011111101101011111101
00110111111010111100111101011110011011111110110010000010011010111110110011111101111001111010111111011001101111110100101111110110010111111
10011011111101011110011110101111001101111101011001000001001101011111011001111010111100111101011111101100110111111010010111111011111100101
11001101111110101111001111010111100110111110101100100000100110101111101100111101011110011110101111110110011011111101001011111101111011101
01100110111111010111100111101011110011011111011110010000010011010111110110011110101111001111010111111011001101111110100101111111011111110
10110011011111101011110011110101111001101111101011001000001001101011111011001111010111100111101011111101100110111111010010111111110101111
11011001101111110101111001111010111100110111110101100100000100111101111101100111101011110011110101111110110011011111101001011111001001111
11101100110111111010111100111101011110011111111010110010000010011010111110110011110101111001111010111111011001101111110100101110111011110
11110110011011111101011110011110101111001101111101011001000001001101011111011001111010111100111101011111101100110111111010010111110110111
11111011001101111110101111001111010111100110111110101100100000100110101111101100111101011110011110101111110110011011111101001011101111101
11111101100110111111010111100111101011110011011111010110010000010011010111110110011110101111001111010111111011001101111110100100101110111
01111110110011011111101011110011110101111011101111101011001000001001101011111011001111010111100111101011111101100110111111110010111101111
10111111011001101111110101111001111010111100110111110101100100000100110101111101100111101011110011110101111110110011011111101101111111101
01011111101100110111111010111100111101011110011011111010110010000010111010111110110011110101111001111010111111011001101111110101101100111
00101111110110011011111101011110011110101111001101111101111001000001001101011111011001111010111100111101011111101100110111111011111110011
10010111111011001101111110101111001111010111100110111110101100100000100110101111101100111101011110011110101111110110011011111101011111011
01001011111101100110111111010111100111101011110011011111010110010000010011010111110110011110101111001111010111111011001101111110011110111
10100101111110110011011111101011110011110101111001101111101011001000001001101011111011011111010111100111101011111101100110111111110110110
11010010111111011001111111111101111001111010111100110111110101110100001110110101111101101111101011110111110101111110110111011111000011111
11101001011111101100110111111010111100111101011110011011111010110010000010011010111111110011110101111001111010111111011001101111111000111
11110100101111110110011011111101011110011110101111001101111101011001100001001101011111011001111010111100111101011111101100110111100110101
11111010010111111011001101111110101111001111010111100110111110101100100010100110101111101100111101011110011110101111110110011011011111110
11111101001011111101100110111111010111100111101011110011011111010110110100010011010111110110011110101111001111010111111011001101101110111
01111110100101111110111011011111101011110011110101111001101111101011001000001001101011111011001111010111100111101011111101100110101110111
10111111010010111111011001101111110101111001111010111100110111110101100100000100110101111101100111101011110011110101111110110010111101111
11011111101001011111101100110111111010111100111101011110011011111010110010000010011010111110110011110101111001111011111111011001101111011
01101111110100101111110110011011111101011110011110111111001101111101011001000001001101011111011001111010111100111101011111101101111110101
00110111111010010111111011001101111110101111001111010111100110111110101100100000100110101111101110111101011110011110101111110111111011011
10011011111101001011111101100110111111010111100111101011110011011111010110010000010011010111110110011110101111001111010111111011011110011
11001101111110100101111110110011011111101011110011110101111001101111101011001000001001101111111011001111010111100111101011111100011111111
01100110111111010010111111011001101111110101111001111010111100110111110101100100000100110101111101100111101011110011111101111111110111011
10110011011111101001011111101100110111111010111100111101011110011011111010110010000010011010111110110011110101111001111010111110111111111
11011001101111110100101111110110011011111101011110011110101111001101111101011001000001001101011111011001111010111100111101011111101111111
11101100110111111010010111111011001101111110101111001111010111100110111110101100100000100111101111101100111101011110011110101111111101110
11110111011011111101001011111101100110111111010111100111101011110011011111010110010000010011010111110110011110101111001111010111110111101
11111011001101111110100101111110110011011111101011110011110101111001111111101011001000001001101011111011001111010111100111101011101111110
11111101100110111111010010111111011001101111110101111001111010111100110111110101100100000100110101111101100111101011110011110101001101111
01111110110011011111101001011111101100110111111010111100111101011111011011111010110010000010011010111110110011110101111001111011111111001
10111111011001101111110100101111110110011011111101011110011110101111101101111101011001000001001101011111011001111010111100111100111010111
01011111101100110111111010010111111011001101111110101111001111010111100110111111101100100000100110101111101100111101011110011111101111111
10101111110110011011111101001011111101100110111111010111100111101011110011011111010110010000010011010111110110011110101111001111111101011
11010111111011001101111110100101111110110011011111101011110011110101111001101111101111001000001001101011111011001111010111100110110111011
11101011111101100110111111010010111111011101101111110101111001111010111100110111110101100100000100110101111101100111101011110010111111110
11110101111110110011011111101001011111101100110111111010111100111101011110011011111010110010000010011010111110110011110101111001110110101
01111010111111011001101111110100101111110110011011111101011110011110101111001101111101011001000001001101011111111001111010111101111111001
00111101011111101100110111111010010111111011101101111110101111001111010111100110111110101100100000100110101111101100111101011110111110111
10011110101111110110011011111101001011111101100110111111010111100111101011110111011111010110010000010011010111110110011110101111101111101
11001111010111111011001101111110100101111110110011011111101011110011110101111001101111101011001000001001101011111011001111010111011101111
11100111101011111101100110111111010010111111011101101111110101111001111010111100110111110101100100000100110101111101100111101011101011111
11110011110101111110110011011111101001011111101100110111111010111100111101011110011011111010110010000010111010111110110011111101110101111
11111001111010111111011001101111110100101111110110011011111101011110011110101111001101111101011001000001001101011111011001111011111000111
10111100111101011111101100110111111010010111111011001101111110101111101111010111100110111110101100100000100110101111101100111101111010011
01011110011110101111110110011011111101001011111101100110111111010111100111101011110011011111010110010000010011010111110110011110111101111
10101111001111010111111011001101111110100101111110110011011111101011110011110101111001101111101011001000001001101011111011001111101111011
11010111100111101011111101100110111111010010111111011001101111110101111001111010111100110111110101110100000100110101111101100110100111111
11101011110011110101111110111011011111101001011111101100110111111010111100111101011110011011111010110010000010011010111110110010111111111
11110101111001111010111111011001101111110100101111110110011011111101011110011110101111001101111101011001000001001101011111011001110110110
01111110111100111101011111101100110111111110010111111011001101111110101111001111010111100110111110101100100000100110101111101100011111111
00111101011110011110101111110110011111111101001011111101100110111111010111100111101011110011011111010110010000010011010111110111111110011
10011110101111001111010111111011001101111110100101111110110011011111101011110011110101111001101111101011001000001001101011111011001101111
11001111010111100111101011111101100110111111010010111111011001101111110101111001111010111100111111110101100100000100110101111101111011101
01101111101011110011110101111110110011011111101001011111101100110111111010111100111101011110011011111010110010000010011010111111100111111
10110011110101111001111010111111011101101111110100101111110110011011111101011110011110101111001101111101011001000001001101011111011101110
11011001111010111100111101011111101110110111111010010111111011001101111110101111001111010111100110111110101100100000100110101111111001111
11101100111101011110011111101111110110011011111101101011111101100110111111010111100111101011110011011111010110010000010111010110111011110
11110110011110101111001111010111111011001101111110100101111110110011011111111011110011110101111001101111101011001000001001101011110110111
11111011001111010111100111101011111101100110111111010010111111011001101111110101111001111010111100110111110101100100000100110101101101011
01111101100111101011110011110101111111110011011111101001011111101100110111111010111100111101011110011011111010110010000010011010111011111
10111110110011110101111001111010111111011001101111110100101111110110011011111101111110011110101111001101111101011001000001001100111110111
01011111011001111010111100111101011111101100110111111010010111111011101101111110101111001111010111100110111110101110100000101111011110110
10101111101100111101011110011110101111110110011011111101001011111101100110111111010111100111101011110011011111010110010000010011101111110
11010111110110011110101111001111010111111011001101111110100101111110110011011111101011110011110101111001101111101011001000001000110111011
01101011111011001111010111100111101011111101100110111111010011111111011001101111110101111001111010111100110111110101100100000101011110011
00110101111101100111101011110011110101111110110011011111101001011111101100110111111010111100111101011110011011111010110010000011010101111
10011010111110110011110101111001111010111111011001101111110100101111110110011011111101011110011110111111001101111101011101000001111011101
01001101011111011001111010111100111101011111101100110111111010110111111011001101111110101111001111010111100110111110101100100001111101010
00100110111111101100111101011110011110101111110110011011111101001011111101100110111111010111100111101011110011011111010110010001000111111
10101111011111110111110110111110101100100100100110101111101100111101111110011110101111110110011011111101001011111101100110111110001110010
11111111001111111110101111001101111101011111001001001101011111111001011011111100111111011111111110111111111010110111111011001100010011010
10111011110010011111111110110011110101111101111010111111011001101111010100101111110110011011111101011110011110101111011101111100100011010
01011101011101111111011001111010111110111001011111101110110111111110010111111111011101111110101111101111010111101110111110101101000101000
11110111111111111111101111101111001011111001101111111011001111111111001111111011111111110111111111010011111111011001101111110111001001000
11100111101011110011011111110110010010010011010111110110011110101111101111011111111011011101111110100101111110110011011111101011110000010
11010010111111011001101111110101111011111110111100110111110101100100100100110101111111110111101011110011110101111110110011011110111100000
11111101110100101100110101111101100111101111110011111111111111110011111111101001011111101100110111111010111101111111011110011010000000001
01111111101111101111111111110110011101101011110111010011111011011111110111110111111101101111100101111111111111011111111111110111110010000
11111110101111001111111101011111101111110111111111111101101111111110111011111111111010111111011111111111110111110101111001111010000000100
