0111011110111100100111011010011001111000001111100111010111
1011110111101110000101110110110110111110100111101001100101
1101111011110101101011111011001011001111000111110100110010
1110111100110011110001001001000111111100110011111110011001
0111011110111111010000101100100010110111010111111101001110
1111101111011101101001010110000001011001111011111110100111
1011110111101101111010011001110000111110100001011111010011
1101111011110110010100000111010000010110011110111111111011
1110111101111011001011001010111000001011001111011111110100
0110011110111100101111110011100100000111111011001011111110
1111101111011110110110100000011010100110110011110101111101
1011110111101101010011010000001111000001011101111011111111
1100111011110101101001111100111100100010111110011001011111
1110111101111000011110110100110011010100110111001100111111
0101100110100001110111101111110011011001010111111010011101
0011111010011010111011110111001011101010011101111101001100
1011011001101011011101111011101100110100010010111110101111
0001101100110111101110111101010110011010000101111111110111
0010011011001101110111101111010101100110100110011111111100
1100000101100110111011110111001010111011010011101011111110
1010001011110111011101111011110011001001101001100101111111
1111010011011011101110111101100010101100110100110010111110
0110100001101111111111011110011001011111011010011001011111
1110011001011101110111101111101110011001001111001100101111
1011101010001010111011110111110100010101100110100111011111
0100110100001111011101111011011011001010110111010011101111
1110010111000011101110111101011101010111001111101011100101
0011001101000011111111011110100110100010101111111101111011
0100101011001110100011011001011110111101111101001110111111
1100001110101110011010101110101111011110101110100111010111
1010000010111001100100110110110111101111011111010111101011
0101000001011000111000011011111011110111101111111011110111
0111100000110111010111010101111101111011110111110100111010
1011010000010111001010100110011110111101111111111110011001
1101101000101001101101000001101111011110111101111111001110
1101111100000110110100111010110111101101011010111110100111
1111011010000011010111110100111011110111101001011111010011
0111101101100100101001101010111101111011110100101111101001
0110101111101001011100100111011110101101101111010111110100
0010110011010010000110111010101111011110111011111111111010
0101011001101100001011001101110111101111011001110111111101
0001110101111111100101100100101011110101101100111010111110
1000010111011001000010110011111101111011110110111101111111
1110100110011111011001011111111111100110011000101100110100
1111110111101110101100111111011111010011001000010110011010
1111111011110111010110010111101111101011100000001011001101
1111110100110011110111001011010111110101111100000101100110
0011111110111011111001100101001111111011111010000010110011
0101111111011111111100110011100101111101011101000001011001
1011111110100101111010011001111011111111101110100000101100
1001011111010010111101001110111101111111110011010000010110
1100101111111001011110101111011100101111101001101000001011
0110010111110100111111010111101110010111111100110100000101
1011001111111110011111101001110111001011111110011010000010
0001100101111111101111111101101011100101111011001101000001
1100110011111111111111111110110100110010111101100110100000
1010111101011100110111111101111110111001011010110011010000
1101011100111110110010111111111101011100101001011001101000
