0111001110100110111101101101111001101100111111111100010111010011111101111110111110011101011010010011111101101011111111011010000100101101100001011101110100001101101001000010110111111110101101111110010010110101110011111011111101111110010111010001111111111001101100111101101101111011001011100111
1011100111010011011110110110111100110110011111111110001011101001111110111111011111001110101101001001111110110101111111101101000010010110110000101110111010000110110100100001011011111111010110111111001001011010111001111101111110111111001011101000111111111100110110011110110110111101100101110011
1101110011101001101111011011011110011011001111111111000101110100111111011111101111100111010110100100111111011010111111110110100001001011011000010111011101000011011010010000101101111111101011011111100100101101011100111110111111011111100101110100011111111110011011001111011011011110110010111001
1110111001110100110111101101101111001101100111111111100010111010011111101111110111110011101011010010011111101101011111111011010000100101101100001011101110100001101101001000010110111111110101101111110010010110101110011111011111101111110010111010001111111111001101100111101101101111011001011100
0111011100111010011011110110110111100110110011111111110001011101001111110111111011111001110101101001001111110110101111111101101000010010110110000101110111010000110110100100001011011111111010110111111001001011010111001111101111110111111001011101000111111111100110110011110110110111101100101110
0011101110011101001101111011011011110011011001111111111000101110100111111011111101111100111010110100100111111011010111111110110100001001011011000010111011101000011011010010000101101111111101011011111100100101101011100111110111111011111100101110100011111111110011011001111011011011110110010111
1001110111001110100110111101101101111001101100111111111100010111010011111101111110111110011101011010010011111101101011111111011010000100101101100001011101110100001101101001000010110111111110101101111110010010110101110011111011111101111110010111010001111111111001101100111101101101111011001011
1100111011100111010011011110110110111100110110011111111110001011101001111110111111011111001110101101001001111110110101111111101101000010010110110000101110111010000110110100100001011011111111010110111111001001011010111001111101111110111111001011101000111111111100110110011110110110111101100101
1110011101110011101001101111011011011110011011001111111111000101110100111111011111101111100111010110100100111111011010111111110110100001001011011000010111011101000011011010010000101101111111101011011111100100101101011100111110111111011111100101110100011111111110011011001111011011011110110010
0111001110111001110100110111101101101111001101100111111111100010111010011111101111110111110011101011010010011111101101011111111011010000100101101100001011101110100001101101001000010110111111110101101111110010010110101110011111011111101111110010111010001111111111001101100111101101101111011001
1011100111011100111010011011110110110111100110110011111111110001011101001111110111111011111001110101101001001111110110101111111101101000010010110110000101110111010000110110100100001011011111111010110111111001001011010111001111101111110111111001011101000111111111100110110011110110110111101100
0101110011101110011101001101111011011011110011011001111111111000101110100111111011111101111100111010110100100111111011010111111110110100001001011011000010111011101000011011010010000101101111111101011011111100100101101011100111110111111011111100101110100011111111110011011001111011011011110110
0010111001110111001110100110111101101101111001101100111111111100010111010011111101111110111110011101011010010011111101101011111111011010000100101101100001011101110100001101101001000010110111111110101101111110010010110101110011111011111101111110010111010001111111111001101100111101101101111011
1001011100111011100111010011011110110110111100110110011111111110001011101001111110111111011111001110101101001001111110110101111111101101000010010110110000101110111010000110110100100001011011111111010110111111001001011010111001111101111110111111001011101000111111111100110110011110110110111101
1100101110011101110011101001101111011011011110011011001111111111000101110100111111011111101111100111010110100100111111011010111111110110100001001011011000010111011101000011011010010000101101111111101011011111100100101101011100111110111111011111100101110100011111111110011011001111011011011110
0110010111001110111001110100110111101101101111001101100111111111100010111010011111101111110111110011101011010010011111101101011111111011010000100101101100001011101110100001101101001000010110111111110101101111110010010110101110011111011111101111110010111010001111111111001101100111101101101111
1011001011100111011100111010011011110110110111100110110011111111110001011101001111110111111011111001110101101001001111110110101111111101101000010010110110000101110111010000110110100100001011011111111010110111111001001011010111001111101111110111111001011101000111111111100110110011110110110111
1101100101110011101110011101001101111011011011110011011001111111111000101110100111111011111101111100111010110100100111111011010111111110110100001001011011000010111011101000011011010010000101101111111101011011111100100101101011100111110111111011111100101110100011111111110011011001111011011011
1110110010111001110111001110100110111101101101111001101100111111111100010111010011111101111110111110011101011010010011111101101011111111011010000100101101100001011101110100001101101001000010110111111110101101111110010010110101110011111011111101111110010111010001111111111001101100111101101101
1111011001011100111011100111010011011110110110111100110110011111111110001011101001111110111111011111001110101101001001111110110101111111101101000010010110110000101110111010000110110100100001011011111111010110111111001001011010111001111101111110111111001011101000111111111100110110011110110110
0111101100101110011101110011101001101111011011011110011011001111111111000101110100111111011111101111100111010110100100111111011010111111110110100001001011011000010111011101000011011010010000101101111111101011011111100100101101011100111110111111011111100101110100011111111110011011001111011011
1011110110010111001110111001110100110111101101101111001101100111111111100010111010011111101111110111110011101011010010011111101101011111111011010000100101101100001011101110100001101101001000010110111111110101101111110010010110101110011111011111101111110010111010001111111111001101100111101101
1101111011001011100111011100111010011011110110110111100110110011111111110001011101001111110111111011111001110101101001001111110110101111111101101000010010110110000101110111010000110110100100001011011111111010110111111001001011010111001111101111110111111001011101000111111111100110110011110110
0110111101100101110011101110011101001101111011011011110011011001111111111000101110100111111011111101111100111010110100100111111011010111111110110100001001011011000010111011101000011011010010000101101111111101011011111100100101101011100111110111111011111100101110100011111111110011011001111011
1011011110110010111001110111001110100110111101101101111001101100111111111100010111010011111101111110111110011101011010010011111101101011111111011010000100101101100001011101110100001101101001000010110111111110101101111110010010110101110011111011111101111110010111010001111111111001101100111101
1101101111011001011100111011100111010011011110110110111100110110011111111110001011101001111110111111011111001110101101001001111110110101111111101101000010010110110000101110111010000110110100100001011011111111010110111111001001011010111001111101111110111111001011101000111111111100110110011110
0110110111101100101110011101110011101001101111011011011110011011001111111111000101110100111111011111101111100111010110100100111111011010111111110110100001001011011000010111011101000011011010010000101101111111101011011111100100101101011100111110111111011111100101110100011111111110011011001111
1011011011110110010111001110111001110100110111101101101111001101100111111111100010111010011111101111110111110011101011010010011111101101011111111011010000100101101100001011101110100001101101001000010110111111110101101111110010010110101110011111011111101111110010111010001111111111001101100111
1101101101111011001011100111011100111010011011110110110111100110110011111111110001011101001111110111111011111001110101101001001111110110101111111101101000010010110110000101110111010000110110100100001011011111111010110111111001001011010111001111101111110111111001011101000111111111100110110011
1110110110111101100101110011101110011101001101111011011011110011011001111111111000101110100111111011111101111100111010110100100111111011010111111110110100001001011011000010111011101000011011010010000101101111111101011011111100100101101011100111110111111011111100101110100011111111110011011001
1111011011011110110010111001110111001110100110111101101101111001101100111111111100010111010011111101111110111110011101011010010011111101101011111111011010000100101101100001011101110100001101101001000010110111111110101101111110010010110101110011111011111101111110010111010001111111111001101100
0111101101101111011001011100111011100111010011011110110110111100110110011111111110001011101001111110111111011111001110101101001001111110110101111111101101000010010110110000101110111010000110110100100001011011111111010110111111001001011010111001111101111110111111001011101000111111111100110110
0011110110110111101100101110011101110011101001101111011011011110011011001111111111000101110100111111011111101111100111010110100100111111011010111111110110100001001011011000010111011101000011011010010000101101111111101011011111100100101101011100111110111111011111100101110100011111111110011011
1001111011011011110110010111001110111001110100110111101101101111001101100111111111100010111010011111101111110111110011101011010010011111101101011111111011010000100101101100001011101110100001101101001000010110111111110101101111110010010110101110011111011111101111110010111010001111111111001101
1100111101101101111011001011100111011100111010011011110110110111100110110011111111110001011101001111110111111011111001110101101001001111110110101111111101101000010010110110000101110111010000110110100100001011011111111010110111111001001011010111001111101111110111111001011101000111111111100110
0110011110110110111101100101110011101110011101001101111011011011110011011001111111111000101110100111111011111101111100111010110100100111111011010111111110110100001001011011000010111011101000011011010010000101101111111101011011111100100101101011100111110111111011111100101110100011111111110011
1011001111011011011110110010111001110111001110100110111101101101111001101100111111111100010111010011111101111110111110011101011010010011111101101011111111011010000100101101100001011101110100001101101001000010110111111110101101111110010010110101110011111011111101111110010111010001111111111001
1101100111101101101111011001011100111011100111010011011110110110111100110110011111111110001011101001111110111111011111001110101101001001111110110101111111101101000010010110110000101110111010000110110100100001011011111111010110111111001001011010111001111101111110111111001011101000111111111100
0110110011110110110111101100101110011101110011101001101111011011011110011011001111111111000101110100111111011111101111100111010110100100111111011010111111110110100001001011011000010111011101000011011010010000101101111111101011011111100100101101011100111110111111011111100101110100011111111110
0011011001111011011011110110010111001110111001110100110111101101101111001101100111111111100010111010011111101111110111110011101011010010011111101101011111111011010000100101101100001011101110100001101101001000010110111111110101101111110010010110101110011111011111101111110010111010001111111111
1001101100111101101101111011001011100111011100111010011011110110110111100110110011111111110001011101001111110111111011111001110101101001001111110110101111111101101000010010110110000101110111010000110110100100001011011111111010110111111001001011010111001111101111110111111001011101000111111111
1100110110011110110110111101100101110011101110011101001101111011011011110011011001111111111000101110100111111011111101111100111010110100100111111011010111111110110100001001011011000010111011101000011011010010000101101111111101011011111100100101101011100111110111111011111100101110100011111111
1110011011001111011011011110110010111001110111001110100110111101101101111001101100111111111100010111010011111101111110111110011101011010010011111101101011111111011010000100101101100001011101110100001101101001000010110111111110101101111110010010110101110011111011111101111110010111010001111111
1111001101100111101101101111011001011100111011100111010011011110110110111100110110011111111110001011101001111110111111011111001110101101001001111110110101111111101101000010010110110000101110111010000110110100100001011011111111010110111111001001011010111001111101111110111111001011101000111111
1111100110110011110110110111101100101110011101110011101001101111011011011110011011001111111111000101110100111111011111101111100111010110100100111111011010111111110110100001001011011000010111011101000011011010010000101101111111101011011111100100101101011100111110111111011111100101110100011111
1111110011011001111011011011110110010111001110111001110100110111101101101111001101100111111111100010111010011111101111110111110011101011010010011111101101011111111011010000100101101100001011101110100001101101001000010110111111110101101111110010010110101110011111011111101111110010111010001111
1111111001101100111101101101111011001011100111011100111010011011110110110111100110110011111111110001011101001111110111111011111001110101101001001111110110101111111101101000010010110110000101110111010000110110100100001011011111111010110111111001001011010111001111101111110111111001011101000111
1111111100110110011110110110111101100101110011101110011101001101111011011011110011011001111111111000101110100111111011111101111100111010110100100111111011010111111110110100001001011011000010111011101000011011010010000101101111111101011011111100100101101011100111110111111011111100101110100011
1111111110011011001111011011011110110010111001110111001110100110111101101101111001101100111111111100010111010011111101111110111110011101011010010011111101101011111111011010000100101101100001011101110100001101101001000010110111111110101101111110010010110101110011111011111101111110010111010001
1111111111001101100111101101101111011001011100111011100111010011011110110110111100110110011111111110001011101001111110111111011111001110101101001001111110110101111111101101000010010110110000101110111010000110110100100001011011111111010110111111001001011010111001111101111110111111001011101000
0111111111100110110011110110110111101100101110011101110011101001101111011011011110011011001111111111000101110100111111011111101111100111010110100100111111011010111111110110100001001011011000010111011101000011011010010000101101111111101011011111100100101101011100111110111111011111100101110100
0011111111110011011001111011011011110110010111001110111001110100110111101101101111001101100111111111100010111010011111101111110111110011101011010010011111101101011111111011010000100101101100001011101110100001101101001000010110111111110101101111110010010110101110011111011111101111110010111010
0001111111111001101100111101101101111011001011100111011100111010011011110110110111100110110011111111110001011101001111110111111011111001110101101001001111110110101111111101101000010010110110000101110111010000110110100100001011011111111010110111111001001011010111001111101111110111111001011101
1000111111111100110110011110110110111101100101110011101110011101001101111011011011110011011001111111111000101110100111111011111101111100111010110100100111111011010111111110110100001001011011000010111011101000011011010010000101101111111101011011111100100101101011100111110111111011111100101110
0100011111111110011011001111011011011110110010111001110111001110100110111101101101111001101100111111111100010111010011111101111110111110011101011010010011111101101011111111011010000100101101100001011101110100001101101001000010110111111110101101111110010010110101110011111011111101111110010111
1010001111111111001101100111101101101111011001011100111011100111010011011110110110111100110110011111111110001011101001111110111111011111001110101101001001111110110101111111101101000010010110110000101110111010000110110100100001011011111111010110111111001001011010111001111101111110111111001011
1101000111111111100110110011110110110111101100101110011101110011101001101111011011011110011011001111111111000101110100111111011111101111100111010110100100111111011010111111110110100001001011011000010111011101000011011010010000101101111111101011011111100100101101011100111110111111011111100101
1110100011111111110011011001111011011011110110010111001110111001110100110111101101101111001101100111111111100010111010011111101111110111110011101011010010011111101101011111111011010000100101101100001011101110100001101101001000010110111111110101101111110010010110101110011111011111101111110010
0111010001111111111001101100111101101101111011001011100111011100111010011011110110110111100110110011111111110001011101001111110111111011111001110101101001001111110110101111111101101000010010110110000101110111010000110110100100001011011111111010110111111001001011010111001111101111110111111001
1011101000111111111100110110011110110110111101100101110011101110011101001101111011011011110011011001111111111000101110100111111011111101111100111010110100100111111011010111111110110100001001011011000010111011101000011011010010000101101111111101011011111100100101101011100111110111111011111100
0101110100011111111110011011001111011011011110110010111001110111001110100110111101101101111001101100111111111100010111010011111101111110111110011101011010010011111101101011111111011010000100101101100001011101110100001101101001000010110111111110101101111110010010110101110011111011111101111110
0010111010001111111111001101100111101101101111011001011100111011100111010011011110110110111100110110011111111110001011101001111110111111011111001110101101001001111110110101111111101101000010010110110000101110111010000110110100100001011011111111010110111111001001011010111001111101111110111111
1001011101000111111111100110110011110110110111101100101110011101110011101001101111011011011110011011001111111111000101110100111111011111101111100111010110100100111111011010111111110110100001001011011000010111011101000011011010010000101101111111101011011111100100101101011100111110111111011111
1100101110100011111111110011011001111011011011110110010111001110111001110100110111101101101111001101100111111111100010111010011111101111110111110011101011010010011111101101011111111011010000100101101100001011101110100001101101001000010110111111110101101111110010010110101110011111011111101111
1110010111010001111111111001101100111101101101111011001011100111011100111010011011110110110111100110110011111111110001011101001111110111111011111001110101101001001111110110101111111101101000010010110110000101110111010000110110100100001011011111111010110111111001001011010111001111101111110111
1111001011101000111111111100110110011110110110111101100101110011101110011101001101111011011011110011011001111111111000101110100111111011111101111100111010110100100111111011010111111110110100001001011011000010111011101000011011010010000101101111111101011011111100100101101011100111110111111011
1111100101110100011111111110011011001111011011011110110010111001110111001110100110111101101101111001101100111111111100010111010011111101111110111110011101011010010011111101101011111111011010000100101101100001011101110100001101101001000010110111111110101101111110010010110101110011111011111101
1111110010111010001111111111001101100111101101101111011001011100111011100111010011011110110110111100110110011111111110001011101001111110111111011111001110101101001001111110110101111111101101000010010110110000101110111010000110110100100001011011111111010110111111001001011010111001111101111110
0111111001011101000111111111100110110011110110110111101100101110011101110011101001101111011011011110011011001111111111000101110100111111011111101111100111010110100100111111011010111111110110100001001011011000010111011101000011011010010000101101111111101011011111100100101101011100111110111111
1011111100101110100011111111110011011001111011011011110110010111001110111001110100110111101101101111001101100111111111100010111010011111101111110111110011101011010010011111101101011111111011010000100101101100001011101110100001101101001000010110111111110101101111110010010110101110011111011111
1101111110010111010001111111111001101100111101101101111011001011100111011100111010011011110110110111100110110011111111110001011101001111110111111011111001110101101001001111110110101111111101101000010010110110000101110111010000110110100100001011011111111010110111111001001011010111001111101111
1110111111001011101000111111111100110110011110110110111101100101110011101110011101001101111011011011110011011001111111111000101110100111111011111101111100111010110100100111111011010111111110110100001001011011000010111011101000011011010010000101101111111101011011111100100101101011100111110111
1111011111100101110100011111111110011011001111011011011110110010111001110111001110100110111101101101111001101100111111111100010111010011111101111110111110011101011010010011111101101011111111011010000100101101100001011101110100001101101001000010110111111110101101111110010010110101110011111011
1111101111110010111010001111111111001101100111101101101111011001011100111011100111010011011110110110111100110110011111111110001011101001111110111111011111001110101101001001111110110101111111101101000010010110110000101110111010000110110100100001011011111111010110111111001001011010111001111101
1111110111111001011101000111111111100110110011110110110111101100101110011101110011101001101111011011011110011011001111111111000101110100111111011111101111100111010110100100111111011010111111110110100001001011011000010111011101000011011010010000101101111111101011011111100100101101011100111110
0111111011111100101110100011111111110011011001111011011011110110010111001110111001110100110111101101101111001101100111111111100010111010011111101111110111110011101011010010011111101101011111111011010000100101101100001011101110100001101101001000010110111111110101101111110010010110101110011111
1011111101111110010111010001111111111001101100111101101101111011001011100111011100111010011011110110110111100110110011111111110001011101001111110111111011111001110101101001001111110110101111111101101000010010110110000101110111010000110110100100001011011111111010110111111001001011010111001111
1101111110111111001011101000111111111100110110011110110110111101100101110011101110011101001101111011011011110011011001111111111000101110100111111011111101111100111010110100100111111011010111111110110100001001011011000010111011101000011011010010000101101111111101011011111100100101101011100111
1110111111011111100101110100011111111110011011001111011011011110110010111001110111001110100110111101101101111001101100111111111100010111010011111101111110111110011101011010010011111101101011111111011010000100101101100001011101110100001101101001000010110111111110101101111110010010110101110011
1111011111101111110010111010001111111111001101100111101101101111011001011100111011100111010011011110110110111100110110011111111110001011101001111110111111011111001110101101001001111110110101111111101101000010010110110000101110111010000110110100100001011011111111010110111111001001011010111001
1111101111110111111001011101000111111111100110110011110110110111101100101110011101110011101001101111011011011110011011001111111111000101110100111111011111101111100111010110100100111111011010111111110110100001001011011000010111011101000011011010010000101101111111101011011111100100101101011100
0111110111111011111100101110100011111111110011011001111011011011110110010111001110111001110100110111101101101111001101100111111111100010111010011111101111110111110011101011010010011111101101011111111011010000100101101100001011101110100001101101001000010110111111110101101111110010010110101110
0011111011111101111110010111010001111111111001101100111101101101111011001011100111011100111010011011110110110111100110110011111111110001011101001111110111111011111001110101101001001111110110101111111101101000010010110110000101110111010000110110100100001011011111111010110111111001001011010111
1001111101111110111111001011101000111111111100110110011110110110111101100101110011101110011101001101111011011011110011011001111111111000101110100111111011111101111100111010110100100111111011010111111110110100001001011011000010111011101000011011010010000101101111111101011011111100100101101011
1100111110111111011111100101110100011111111110011011001111011011011110110010111001110111001110100110111101101101111001101100111111111100010111010011111101111110111110011101011010010011111101101011111111011010000100101101100001011101110100001101101001000010110111111110101101111110010010110101
1110011111011111101111110010111010001111111111001101100111101101101111011001011100111011100111010011011110110110111100110110011111111110001011101001111110111111011111001110101101001001111110110101111111101101000010010110110000101110111010000110110100100001011011111111010110111111001001011010
0111001111101111110111111001011101000111111111100110110011110110110111101100101110011101110011101001101111011011011110011011001111111111000101110100111111011111101111100111010110100100111111011010111111110110100001001011011000010111011101000011011010010000101101111111101011011111100100101101
1011100111110111111011111100101110100011111111110011011001111011011011110110010111001110111001110100110111101101101111001101100111111111100010111010011111101111110111110011101011010010011111101101011111111011010000100101101100001011101110100001101101001000010110111111110101101111110010010110
0101110011111011111101111110010111010001111111111001101100111101101101111011001011100111011100111010011011110110110111100110110011111111110001011101001111110111111011111001110101101001001111110110101111111101101000010010110110000101110111010000110110100100001011011111111010110111111001001011
1010111001111101111110111111001011101000111111111100110110011110110110111101100101110011101110011101001101111011011011110011011001111111111000101110100111111011111101111100111010110100100111111011010111111110110100001001011011000010111011101000011011010010000101101111111101011011111100100101
1101011100111110111111011111100101110100011111111110011011001111011011011110110010111001110111001110100110111101101101111001101100111111111100010111010011111101111110111110011101011010010011111101101011111111011010000100101101100001011101110100001101101001000010110111111110101101111110010010
0110101110011111011111101111110010111010001111111111001101100111101101101111011001011100111011100111010011011110110110111100110110011111111110001011101001111110111111011111001110101101001001111110110101111111101101000010010110110000101110111010000110110100100001011011111111010110111111001001
1011010111001111101111110111111001011101000111111111100110110011110110110111101100101110011101110011101001101111011011011110011011001111111111000101110100111111011111101111100111010110100100111111011010111111110110100001001011011000010111011101000011011010010000101101111111101011011111100100
0101101011100111110111111011111100101110100011111111110011011001111011011011110110010111001110111001110100110111101101101111001101100111111111100010111010011111101111110111110011101011010010011111101101011111111011010000100101101100001011101110100001101101001000010110111111110101101111110010
0010110101110011111011111101111110010111010001111111111001101100111101101101111011001011100111011100111010011011110110110111100110110011111111110001011101001111110111111011111001110101101001001111110110101111111101101000010010110110000101110111010000110110100100001011011111111010110111111001
1001011010111001111101111110111111001011101000111111111100110110011110110110111101100101110011101110011101001101111011011011110011011001111111111000101110100111111011111101111100111010110100100111111011010111111110110100001001011011000010111011101000011011010010000101101111111101011011111100
0100101101011100111110111111011111100101110100011111111110011011001111011011011110110010111001110111001110100110111101101101111001101100111111111100010111010011111101111110111110011101011010010011111101101011111111011010000100101101100001011101110100001101101001000010110111111110101101111110
0010010110101110011111011111101111110010111010001111111111001101100111101101101111011001011100111011100111010011011110110110111100110110011111111110001011101001111110111111011111001110101101001001111110110101111111101101000010010110110000101110111010000110110100100001011011111111010110111111
1001001011010111001111101111110111111001011101000111111111100110110011110110110111101100101110011101110011101001101111011011011110011011001111111111000101110100111111011111101111100111010110100100111111011010111111110110100001001011011000010111011101000011011010010000101101111111101011011111
1100100101101011100111110111111011111100101110100011111111110011011001111011011011110110010111001110111001110100110111101101101111001101100111111111100010111010011111101111110111110011101011010010011111101101011111111011010000100101101100001011101110100001101101001000010110111111110101101111
1110010010110101110011111011111101111110010111010001111111111001101100111101101101111011001011100111011100111010011011110110110111100110110011111111110001011101001111110111111011111001110101101001001111110110101111111101101000010010110110000101110111010000110110100100001011011111111010110111
1111001001011010111001111101111110111111001011101000111111111100110110011110110110111101100101110011101110011101001101111011011011110011011001111111111000101110100111111011111101111100111010110100100111111011010111111110110100001001011011000010111011101000011011010010000101101111111101011011
1111100100101101011100111110111111011111100101110100011111111110011011001111011011011110110010111001110111001110100110111101101101111001101100111111111100010111010011111101111110111110011101011010010011111101101011111111011010000100101101100001011101110100001101101001000010110111111110101101
1111110010010110101110011111011111101111110010111010001111111111001101100111101101101111011001011100111011100111010011011110110110111100110110011111111110001011101001111110111111011111001110101101001001111110110101111111101101000010010110110000101110111010000110110100100001011011111111010110
0111111001001011010111001111101111110111111001011101000111111111100110110011110110110111101100101110011101110011101001101111011011011110011011001111111111000101110100111111011111101111100111010110100100111111011010111111110110100001001011011000010111011101000011011010010000101101111111101011
1011111100100101101011100111110111111011111100101110100011111111110011011001111011011011110110010111001110111001110100110111101101101111001101100111111111100010111010011111101111110111110011101011010010011111101101011111111011010000100101101100001011101110100001101101001000010110111111110101
1101111110010010110101110011111011111101111110010111010001111111111001101100111101101101111011001011100111011100111010011011110110110111100110110011111111110001011101001111110111111011111001110101101001001111110110101111111101101000010010110110000101110111010000110110100100001011011111111010
0110111111001001011010111001111101111110111111001011101000111111111100110110011110110110111101100101110011101110011101001101111011011011110011011001111111111000101110100111111011111101111100111010110100100111111011010111111110110100001001011011000010111011101000011011010010000101101111111101
1011011111100100101101011100111110111111011111100101110100011111111110011011001111011011011110110010111001110111001110100110111101101101111001101100111111111100010111010011111101111110111110011101011010010011111101101011111111011010000100101101100001011101110100001101101001000010110111111110
0101101111110010010110101110011111011111101111110010111010001111111111001101100111101101101111011001011100111011100111010011011110110110111100110110011111111110001011101001111110111111011111001110101101001001111110110101111111101101000010010110110000101110111010000110110100100001011011111111
1010110111111001001011010111001111101111110111111001011101000111111111100110110011110110110111101100101110011101110011101001101111011011011110011011001111111111000101110100111111011111101111100111010110100100111111011010111111110110100001001011011000010111011101000011011010010000101101111111
1101011011111100100101101011100111110111111011111100101110100011111111110011011001111011011011110110010111001110111001110100110111101101101111001101100111111111100010111010011111101111110111110011101011010010011111101101011111111011010000100101101100001011101110100001101101001000010110111111
1110101101111110010010110101110011111011111101111110010111010001111111111001101100111101101101111011001011100111011100111010011011110110110111100110110011111111110001011101001111110111111011111001110101101001001111110110101111111101101000010010110110000101110111010000110110100100001011011111
1111010110111111001001011010111001111101111110111111001011101000111111111100110110011110110110111101100101110011101110011101001101111011011011110011011001111111111000101110100111111011111101111100111010110100100111111011010111111110110100001001011011000010111011101000011011010010000101101111
1111101011011111100100101101011100111110111111011111100101110100011111111110011011001111011011011110110010111001110111001110100110111101101101111001101100111111111100010111010011111101111110111110011101011010010011111101101011111111011010000100101101100001011101110100001101101001000010110111
1111110101101111110010010110101110011111011111101111110010111010001111111111001101100111101101101111011001011100111011100111010011011110110110111100110110011111111110001011101001111110111111011111001110101101001001111110110101111111101101000010010110110000101110111010000110110100100001011011
1111111010110111111001001011010111001111101111110111111001011101000111111111100110110011110110110111101100101110011101110011101001101111011011011110011011001111111111000101110100111111011111101111100111010110100100111111011010111111110110100001001011011000010111011101000011011010010000101101
1111111101011011111100100101101011100111110111111011111100101110100011111111110011011001111011011011110110010111001110111001110100110111101101101111001101100111111111100010111010011111101111110111110011101011010010011111101101011111111011010000100101101100001011101110100001101101001000010110
0111111110101101111110010010110101110011111011111101111110010111010001111111111001101100111101101101111011001011100111011100111010011011110110110111100110110011111111110001011101001111110111111011111001110101101001001111110110101111111101101000010010110110000101110111010000110110100100001011
1011111111010110111111001001011010111001111101111110111111001011101000111111111100110110011110110110111101100101110011101110011101001101111011011011110011011001111111111000101110100111111011111101111100111010110100100111111011010111111110110100001001011011000010111011101000011011010010000101
1101111111101011011111100100101101011100111110111111011111100101110100011111111110011011001111011011011110110010111001110111001110100110111101101101111001101100111111111100010111010011111101111110111110011101011010010011111101101011111111011010000100101101100001011101110100001101101001000010
0110111111110101101111110010010110101110011111011111101111110010111010001111111111001101100111101101101111011001011100111011100111010011011110110110111100110110011111111110001011101001111110111111011111001110101101001001111110110101111111101101000010010110110000101110111010000110110100100001
1011011111111010110111111001001011010111001111101111110111111001011101000111111111100110110011110110110111101100101110011101110011101001101111011011011110011011001111111111000101110100111111011111101111100111010110100100111111011010111111110110100001001011011000010111011101000011011010010000
0101101111111101011011111100100101101011100111110111111011111100101110100011111111110011011001111011011011110110010111001110111001110100110111101101101111001101100111111111100010111010011111101111110111110011101011010010011111101101011111111011010000100101101100001011101110100001101101001000
0010110111111110101101111110010010110101110011111011111101111110010111010001111111111001101100111101101101111011001011100111011100111010011011110110110111100110110011111111110001011101001111110111111011111001110101101001001111110110101111111101101000010010110110000101110111010000110110100100
0001011011111111010110111111001001011010111001111101111110111111001011101000111111111100110110011110110110111101100101110011101110011101001101111011011011110011011001111111111000101110100111111011111101111100111010110100100111111011010111111110110100001001011011000010111011101000011011010010
0000101101111111101011011111100100101101011100111110111111011111100101110100011111111110011011001111011011011110110010111001110111001110100110111101101101111001101100111111111100010111010011111101111110111110011101011010010011111101101011111111011010000100101101100001011101110100001101101001
1000010110111111110101101111110010010110101110011111011111101111110010111010001111111111001101100111101101101111011001011100111011100111010011011110110110111100110110011111111110001011101001111110111111011111001110101101001001111110110101111111101101000010010110110000101110111010000110110100
0100001011011111111010110111111001001011010111001111101111110111111001011101000111111111100110110011110110110111101100101110011101110011101001101111011011011110011011001111111111000101110100111111011111101111100111010110100100111111011010111111110110100001001011011000010111011101000011011010
0010000101101111111101011011111100100101101011100111110111111011111100101110100011111111110011011001111011011011110110010111001110111001110100110111101101101111001101100111111111100010111010011111101111110111110011101011010010011111101101011111111011010000100101101100001011101110100001101101
1001000010110111111110101101111110010010110101110011111011111101111110010111010001111111111001101100111101101101111011001011100111011100111010011011110110110111100110110011111111110001011101001111110111111011111001110101101001001111110110101111111101101000010010110110000101110111010000110110
0100100001011011111111010110111111001001011010111001111101111110111111001011101000111111111100110110011110110110111101100101110011101110011101001101111011011011110011011001111111111000101110100111111011111101111100111010110100100111111011010111111110110100001001011011000010111011101000011011
1010010000101101111111101011011111100100101101011100111110111111011111100101110100011111111110011011001111011011011110110010111001110111001110100110111101101101111001101100111111111100010111010011111101111110111110011101011010010011111101101011111111011010000100101101100001011101110100001101
1101001000010110111111110101101111110010010110101110011111011111101111110010111010001111111111001101100111101101101111011001011100111011100111010011011110110110111100110110011111111110001011101001111110111111011111001110101101001001111110110101111111101101000010010110110000101110111010000110
0110100100001011011111111010110111111001001011010111001111101111110111111001011101000111111111100110110011110110110111101100101110011101110011101001101111011011011110011011001111111111000101110100111111011111101111100111010110100100111111011010111111110110100001001011011000010111011101000011
1011010010000101101111111101011011111100100101101011100111110111111011111100101110100011111111110011011001111011011011110110010111001110111001110100110111101101101111001101100111111111100010111010011111101111110111110011101011010010011111101101011111111011010000100101101100001011101110100001
1101101001000010110111111110101101111110010010110101110011111011111101111110010111010001111111111001101100111101101101111011001011100111011100111010011011110110110111100110110011111111110001011101001111110111111011111001110101101001001111110110101111111101101000010010110110000101110111010000
0110110100100001011011111111010110111111001001011010111001111101111110111111001011101000111111111100110110011110110110111101100101110011101110011101001101111011011011110011011001111111111000101110100111111011111101111100111010110100100111111011010111111110110100001001011011000010111011101000
0011011010010000101101111111101011011111100100101101011100111110111111011111100101110100011111111110011011001111011011011110110010111001110111001110100110111101101101111001101100111111111100010111010011111101111110111110011101011010010011111101101011111111011010000100101101100001011101110100
0001101101001000010110111111110101101111110010010110101110011111011111101111110010111010001111111111001101100111101101101111011001011100111011100111010011011110110110111100110110011111111110001011101001111110111111011111001110101101001001111110110101111111101101000010010110110000101110111010
0000110110100100001011011111111010110111111001001011010111001111101111110111111001011101000111111111100110110011110110110111101100101110011101110011101001101111011011011110011011001111111111000101110100111111011111101111100111010110100100111111011010111111110110100001001011011000010111011101
1000011011010010000101101111111101011011111100100101101011100111110111111011111100101110100011111111110011011001111011011011110110010111001110111001110100110111101101101111001101100111111111100010111010011111101111110111110011101011010010011111101101011111111011010000100101101100001011101110
0100001101101001000010110111111110101101111110010010110101110011111011111101111110010111010001111111111001101100111101101101111011001011100111011100111010011011110110110111100110110011111111110001011101001111110111111011111001110101101001001111110110101111111101101000010010110110000101110111
1010000110110100100001011011111111010110111111001001011010111001111101111110111111001011101000111111111100110110011110110110111101100101110011101110011101001101111011011011110011011001111111111000101110100111111011111101111100111010110100100111111011010111111110110100001001011011000010111011
1101000011011010010000101101111111101011011111100100101101011100111110111111011111100101110100011111111110011011001111011011011110110010111001110111001110100110111101101101111001101100111111111100010111010011111101111110111110011101011010010011111101101011111111011010000100101101100001011101
1110100001101101001000010110111111110101101111110010010110101110011111011111101111110010111010001111111111001101100111101101101111011001011100111011100111010011011110110110111100110110011111111110001011101001111110111111011111001110101101001001111110110101111111101101000010010110110000101110
0111010000110110100100001011011111111010110111111001001011010111001111101111110111111001011101000111111111100110110011110110110111101100101110011101110011101001101111011011011110011011001111111111000101110100111111011111101111100111010110100100111111011010111111110110100001001011011000010111
1011101000011011010010000101101111111101011011111100100101101011100111110111111011111100101110100011111111110011011001111011011011110110010111001110111001110100110111101101101111001101100111111111100010111010011111101111110111110011101011010010011111101101011111111011010000100101101100001011
1101110100001101101001000010110111111110101101111110010010110101110011111011111101111110010111010001111111111001101100111101101101111011001011100111011100111010011011110110110111100110110011111111110001011101001111110111111011111001110101101001001111110110101111111101101000010010110110000101
1110111010000110110100100001011011111111010110111111001001011010111001111101111110111111001011101000111111111100110110011110110110111101100101110011101110011101001101111011011011110011011001111111111000101110100111111011111101111100111010110100100111111011010111111110110100001001011011000010
0111011101000011011010010000101101111111101011011111100100101101011100111110111111011111100101110100011111111110011011001111011011011110110010111001110111001110100110111101101101111001101100111111111100010111010011111101111110111110011101011010010011111101101011111111011010000100101101100001
1011101110100001101101001000010110111111110101101111110010010110101110011111011111101111110010111010001111111111001101100111101101101111011001011100111011100111010011011110110110111100110110011111111110001011101001111110111111011111001110101101001001111110110101111111101101000010010110110000
0101110111010000110110100100001011011111111010110111111001001011010111001111101111110111111001011101000111111111100110110011110110110111101100101110011101110011101001101111011011011110011011001111111111000101110100111111011111101111100111010110100100111111011010111111110110100001001011011000
0010111011101000011011010010000101101111111101011011111100100101101011100111110111111011111100101110100011111111110011011001111011011011110110010111001110111001110100110111101101101111001101100111111111100010111010011111101111110111110011101011010010011111101101011111111011010000100101101100
0001011101110100001101101001000010110111111110101101111110010010110101110011111011111101111110010111010001111111111001101100111101101101111011001011100111011100111010011011110110110111100110110011111111110001011101001111110111111011111001110101101001001111110110101111111101101000010010110110
0000101110111010000110110100100001011011111111010110111111001001011010111001111101111110111111001011101000111111111100110110011110110110111101100101110011101110011101001101111011011011110011011001111111111000101110100111111011111101111100111010110100100111111011010111111110110100001001011011
1000010111011101000011011010010000101101111111101011011111100100101101011100111110111111011111100101110100011111111110011011001111011011011110110010111001110111001110100110111101101101111001101100111111111100010111010011111101111110111110011101011010010011111101101011111111011010000100101101
1100001011101110100001101101001000010110111111110101101111110010010110101110011111011111101111110010111010001111111111001101100111101101101111011001011100111011100111010011011110110110111100110110011111111110001011101001111110111111011111001110101101001001111110110101111111101101000010010110
0110000101110111010000110110100100001011011111111010110111111001001011010111001111101111110111111001011101000111111111100110110011110110110111101100101110011101110011101001101111011011011110011011001111111111000101110100111111011111101111100111010110100100111111011010111111110110100001001011
1011000010111011101000011011010010000101101111111101011011111100100101101011100111110111111011111100101110100011111111110011011001111011011011110110010111001110111001110100110111101101101111001101100111111111100010111010011111101111110111110011101011010010011111101101011111111011010000100101
1101100001011101110100001101101001000010110111111110101101111110010010110101110011111011111101111110010111010001111111111001101100111101101101111011001011100111011100111010011011110110110111100110110011111111110001011101001111110111111011111001110101101001001111110110101111111101101000010010
0110110000101110111010000110110100100001011011111111010110111111001001011010111001111101111110111111001011101000111111111100110110011110110110111101100101110011101110011101001101111011011011110011011001111111111000101110100111111011111101111100111010110100100111111011010111111110110100001001
1011011000010111011101000011011010010000101101111111101011011111100100101101011100111110111111011111100101110100011111111110011011001111011011011110110010111001110111001110100110111101101101111001101100111111111100010111010011111101111110111110011101011010010011111101101011111111011010000100
0101101100001011101110100001101101001000010110111111110101101111110010010110101110011111011111101111110010111010001111111111001101100111101101101111011001011100111011100111010011011110110110111100110110011111111110001011101001111110111111011111001110101101001001111110110101111111101101000010
0010110110000101110111010000110110100100001011011111111010110111111001001011010111001111101111110111111001011101000111111111100110110011110110110111101100101110011101110011101001101111011011011110011011001111111111000101110100111111011111101111100111010110100100111111011010111111110110100001
1001011011000010111011101000011011010010000101101111111101011011111100100101101011100111110111111011111100101110100011111111110011011001111011011011110110010111001110111001110100110111101101101111001101100111111111100010111010011111101111110111110011101011010010011111101101011111111011010000
0100101101100001011101110100001101101001000010110111111110101101111110010010110101110011111011111101111110010111010001111111111001101100111101101101111011001011100111011100111010011011110110110111100110110011111111110001011101001111110111111011111001110101101001001111110110101111111101101000
0010010110110000101110111010000110110100100001011011111111010110111111001001011010111001111101111110111111001011101000111111111100110110011110110110111101100101110011101110011101001101111011011011110011011001111111111000101110100111111011111101111100111010110100100111111011010111111110110100
0001001011011000010111011101000011011010010000101101111111101011011111100100101101011100111110111111011111100101110100011111111110011011001111011011011110110010111001110111001110100110111101101101111001101100111111111100010111010011111101111110111110011101011010010011111101101011111111011010
0000100101101100001011101110100001101101001000010110111111110101101111110010010110101110011111011111101111110010111010001111111111001101100111101101101111011001011100111011100111010011011110110110111100110110011111111110001011101001111110111111011111001110101101001001111110110101111111101101
1000010010110110000101110111010000110110100100001011011111111010110111111001001011010111001111101111110111111001011101000111111111100110110011110110110111101100101110011101110011101001101111011011011110011011001111111111000101110100111111011111101111100111010110100100111111011010111111110110
0100001001011011000010111011101000011011010010000101101111111101011011111100100101101011100111110111111011111100101110100011111111110011011001111011011011110110010111001110111001110100110111101101101111001101100111111111100010111010011111101111110111110011101011010010011111101101011111111011
1010000100101101100001011101110100001101101001000010110111111110101101111110010010110101110011111011111101111110010111010001111111111001101100111101101101111011001011100111011100111010011011110110110111100110110011111111110001011101001111110111111011111001110101101001001111110110101111111101
1101000010010110110000101110111010000110110100100001011011111111010110111111001001011010111001111101111110111111001011101000111111111100110110011110110110111101100101110011101110011101001101111011011011110011011001111111111000101110100111111011111101111100111010110100100111111011010111111110
0110100001001011011000010111011101000011011010010000101101111111101011011111100100101101011100111110111111011111100101110100011111111110011011001111011011011110110010111001110111001110100110111101101101111001101100111111111100010111010011111101111110111110011101011010010011111101101011111111
1011010000100101101100001011101110100001101101001000010110111111110101101111110010010110101110011111011111101111110010111010001111111111001101100111101101101111011001011100111011100111010011011110110110111100110110011111111110001011101001111110111111011111001110101101001001111110110101111111
1101101000010010110110000101110111010000110110100100001011011111111010110111111001001011010111001111101111110111111001011101000111111111100110110011110110110111101100101110011101110011101001101111011011011110011011001111111111000101110100111111011111101111100111010110100100111111011010111111
1110110100001001011011000010111011101000011011010010000101101111111101011011111100100101101011100111110111111011111100101110100011111111110011011001111011011011110110010111001110111001110100110111101101101111001101100111111111100010111010011111101111110111110011101011010010011111101101011111
1111011010000100101101100001011101110100001101101001000010110111111110101101111110010010110101110011111011111101111110010111010001111111111001101100111101101101111011001011100111011100111010011011110110110111100110110011111111110001011101001111110111111011111001110101101001001111110110101111
1111101101000010010110110000101110111010000110110100100001011011111111010110111111001001011010111001111101111110111111001011101000111111111100110110011110110110111101100101110011101110011101001101111011011011110011011001111111111000101110100111111011111101111100111010110100100111111011010111
1111110110100001001011011000010111011101000011011010010000101101111111101011011111100100101101011100111110111111011111100101110100011111111110011011001111011011011110110010111001110111001110100110111101101101111001101100111111111100010111010011111101111110111110011101011010010011111101101011
1111111011010000100101101100001011101110100001101101001000010110111111110101101111110010010110101110011111011111101111110010111010001111111111001101100111101101101111011001011100111011100111010011011110110110111100110110011111111110001011101001111110111111011111001110101101001001111110110101
1111111101101000010010110110000101110111010000110110100100001011011111111010110111111001001011010111001111101111110111111001011101000111111111100110110011110110110111101100101110011101110011101001101111011011011110011011001111111111000101110100111111011111101111100111010110100100111111011010
0111111110110100001001011011000010111011101000011011010010000101101111111101011011111100100101101011100111110111111011111100101110100011111111110011011001111011011011110110010111001110111001110100110111101101101111001101100111111111100010111010011111101111110111110011101011010010011111101101
1011111111011010000100101101100001011101110100001101101001000010110111111110101101111110010010110101110011111011111101111110010111010001111111111001101100111101101101111011001011100111011100111010011011110110110111100110110011111111110001011101001111110111111011111001110101101001001111110110
0101111111101101000010010110110000101110111010000110110100100001011011111111010110111111001001011010111001111101111110111111001011101000111111111100110110011110110110111101100101110011101110011101001101111011011011110011011001111111111000101110100111111011111101111100111010110100100111111011
1010111111110110100001001011011000010111011101000011011010010000101101111111101011011111100100101101011100111110111111011111100101110100011111111110011011001111011011011110110010111001110111001110100110111101101101111001101100111111111100010111010011111101111110111110011101011010010011111101
1101011111111011010000100101101100001011101110100001101101001000010110111111110101101111110010010110101110011111011111101111110010111010001111111111001101100111101101101111011001011100111011100111010011011110110110111100110110011111111110001011101001111110111111011111001110101101001001111110
0110101111111101101000010010110110000101110111010000110110100100001011011111111010110111111001001011010111001111101111110111111001011101000111111111100110110011110110110111101100101110011101110011101001101111011011011110011011001111111111000101110100111111011111101111100111010110100100111111
1011010111111110110100001001011011000010111011101000011011010010000101101111111101011011111100100101101011100111110111111011111100101110100011111111110011011001111011011011110110010111001110111001110100110111101101101111001101100111111111100010111010011111101111110111110011101011010010011111
1101101011111111011010000100101101100001011101110100001101101001000010110111111110101101111110010010110101110011111011111101111110010111010001111111111001101100111101101101111011001011100111011100111010011011110110110111100110110011111111110001011101001111110111111011111001110101101001001111
1110110101111111101101000010010110110000101110111010000110110100100001011011111111010110111111001001011010111001111101111110111111001011101000111111111100110110011110110110111101100101110011101110011101001101111011011011110011011001111111111000101110100111111011111101111100111010110100100111
1111011010111111110110100001001011011000010111011101000011011010010000101101111111101011011111100100101101011100111110111111011111100101110100011111111110011011001111011011011110110010111001110111001110100110111101101101111001101100111111111100010111010011111101111110111110011101011010010011
1111101101011111111011010000100101101100001011101110100001101101001000010110111111110101101111110010010110101110011111011111101111110010111010001111111111001101100111101101101111011001011100111011100111010011011110110110111100110110011111111110001011101001111110111111011111001110101101001001
1111110110101111111101101000010010110110000101110111010000110110100100001011011111111010110111111001001011010111001111101111110111111001011101000111111111100110110011110110110111101100101110011101110011101001101111011011011110011011001111111111000101110100111111011111101111100111010110100100
0111111011010111111110110100001001011011000010111011101000011011010010000101101111111101011011111100100101101011100111110111111011111100101110100011111111110011011001111011011011110110010111001110111001110100110111101101101111001101100111111111100010111010011111101111110111110011101011010010
0011111101101011111111011010000100101101100001011101110100001101101001000010110111111110101101111110010010110101110011111011111101111110010111010001111111111001101100111101101101111011001011100111011100111010011011110110110111100110110011111111110001011101001111110111111011111001110101101001
1001111110110101111111101101000010010110110000101110111010000110110100100001011011111111010110111111001001011010111001111101111110111111001011101000111111111100110110011110110110111101100101110011101110011101001101111011011011110011011001111111111000101110100111111011111101111100111010110100
0100111111011010111111110110100001001011011000010111011101000011011010010000101101111111101011011111100100101101011100111110111111011111100101110100011111111110011011001111011011011110110010111001110111001110100110111101101101111001101100111111111100010111010011111101111110111110011101011010
0010011111101101011111111011010000100101101100001011101110100001101101001000010110111111110101101111110010010110101110011111011111101111110010111010001111111111001101100111101101101111011001011100111011100111010011011110110110111100110110011111111110001011101001111110111111011111001110101101
1001001111110110101111111101101000010010110110000101110111010000110110100100001011011111111010110111111001001011010111001111101111110111111001011101000111111111100110110011110110110111101100101110011101110011101001101111011011011110011011001111111111000101110100111111011111101111100111010110
0100100111111011010111111110110100001001011011000010111011101000011011010010000101101111111101011011111100100101101011100111110111111011111100101110100011111111110011011001111011011011110110010111001110111001110100110111101101101111001101100111111111100010111010011111101111110111110011101011
1010010011111101101011111111011010000100101101100001011101110100001101101001000010110111111110101101111110010010110101110011111011111101111110010111010001111111111001101100111101101101111011001011100111011100111010011011110110110111100110110011111111110001011101001111110111111011111001110101
1101001001111110110101111111101101000010010110110000101110111010000110110100100001011011111111010110111111001001011010111001111101111110111111001011101000111111111100110110011110110110111101100101110011101110011101001101111011011011110011011001111111111000101110100111111011111101111100111010
0110100100111111011010111111110110100001001011011000010111011101000011011010010000101101111111101011011111100100101101011100111110111111011111100101110100011111111110011011001111011011011110110010111001110111001110100110111101101101111001101100111111111100010111010011111101111110111110011101
1011010010011111101101011111111011010000100101101100001011101110100001101101001000010110111111110101101111110010010110101110011111011111101111110010111010001111111111001101100111101101101111011001011100111011100111010011011110110110111100110110011111111110001011101001111110111111011111001110
0101101001001111110110101111111101101000010010110110000101110111010000110110100100001011011111111010110111111001001011010111001111101111110111111001011101000111111111100110110011110110110111101100101110011101110011101001101111011011011110011011001111111111000101110100111111011111101111100111
1010110100100111111011010111111110110100001001011011000010111011101000011011010010000101101111111101011011111100100101101011100111110111111011111100101110100011111111110011011001111011011011110110010111001110111001110100110111101101101111001101100111111111100010111010011111101111110111110011
1101011010010011111101101011111111011010000100101101100001011101110100001101101001000010110111111110101101111110010010110101110011111011111101111110010111010001111111111001101100111101101101111011001011100111011100111010011011110110110111100110110011111111110001011101001111110111111011111001
1110101101001001111110110101111111101101000010010110110000101110111010000110110100100001011011111111010110111111001001011010111001111101111110111111001011101000111111111100110110011110110110111101100101110011101110011101001101111011011011110011011001111111111000101110100111111011111101111100
0111010110100100111111011010111111110110100001001011011000010111011101000011011010010000101101111111101011011111100100101101011100111110111111011111100101110100011111111110011011001111011011011110110010111001110111001110100110111101101101111001101100111111111100010111010011111101111110111110
0011101011010010011111101101011111111011010000100101101100001011101110100001101101001000010110111111110101101111110010010110101110011111011111101111110010111010001111111111001101100111101101101111011001011100111011100111010011011110110110111100110110011111111110001011101001111110111111011111
1001110101101001001111110110101111111101101000010010110110000101110111010000110110100100001011011111111010110111111001001011010111001111101111110111111001011101000111111111100110110011110110110111101100101110011101110011101001101111011011011110011011001111111111000101110100111111011111101111
1100111010110100100111111011010111111110110100001001011011000010111011101000011011010010000101101111111101011011111100100101101011100111110111111011111100101110100011111111110011011001111011011011110110010111001110111001110100110111101101101111001101100111111111100010111010011111101111110111
1110011101011010010011111101101011111111011010000100101101100001011101110100001101101001000010110111111110101101111110010010110101110011111011111101111110010111010001111111111001101100111101101101111011001011100111011100111010011011110110110111100110110011111111110001011101001111110111111011
1111001110101101001001111110110101111111101101000010010110110000101110111010000110110100100001011011111111010110111111001001011010111001111101111110111111001011101000111111111100110110011110110110111101100101110011101110011101001101111011011011110011011001111111111000101110100111111011111101
1111100111010110100100111111011010111111110110100001001011011000010111011101000011011010010000101101111111101011011111100100101101011100111110111111011111100101110100011111111110011011001111011011011110110010111001110111001110100110111101101101111001101100111111111100010111010011111101111110
0111110011101011010010011111101101011111111011010000100101101100001011101110100001101101001000010110111111110101101111110010010110101110011111011111101111110010111010001111111111001101100111101101101111011001011100111011100111010011011110110110111100110110011111111110001011101001111110111111
1011111001110101101001001111110110101111111101101000010010110110000101110111010000110110100100001011011111111010110111111001001011010111001111101111110111111001011101000111111111100110110011110110110111101100101110011101110011101001101111011011011110011011001111111111000101110100111111011111
1101111100111010110100100111111011010111111110110100001001011011000010111011101000011011010010000101101111111101011011111100100101101011100111110111111011111100101110100011111111110011011001111011011011110110010111001110111001110100110111101101101111001101100111111111100010111010011111101111
1110111110011101011010010011111101101011111111011010000100101101100001011101110100001101101001000010110111111110101101111110010010110101110011111011111101111110010111010001111111111001101100111101101101111011001011100111011100111010011011110110110111100110110011111111110001011101001111110111
1111011111001110101101001001111110110101111111101101000010010110110000101110111010000110110100100001011011111111010110111111001001011010111001111101111110111111001011101000111111111100110110011110110110111101100101110011101110011101001101111011011011110011011001111111111000101110100111111011
1111101111100111010110100100111111011010111111110110100001001011011000010111011101000011011010010000101101111111101011011111100100101101011100111110111111011111100101110100011111111110011011001111011011011110110010111001110111001110100110111101101101111001101100111111111100010111010011111101
1111110111110011101011010010011111101101011111111011010000100101101100001011101110100001101101001000010110111111110101101111110010010110101110011111011111101111110010111010001111111111001101100111101101101111011001011100111011100111010011011110110110111100110110011111111110001011101001111110
0111111011111001110101101001001111110110101111111101101000010010110110000101110111010000110110100100001011011111111010110111111001001011010111001111101111110111111001011101000111111111100110110011110110110111101100101110011101110011101001101111011011011110011011001111111111000101110100111111
1011111101111100111010110100100111111011010111111110110100001001011011000010111011101000011011010010000101101111111101011011111100100101101011100111110111111011111100101110100011111111110011011001111011011011110110010111001110111001110100110111101101101111001101100111111111100010111010011111
1101111110111110011101011010010011111101101011111111011010000100101101100001011101110100001101101001000010110111111110101101111110010010110101110011111011111101111110010111010001111111111001101100111101101101111011001011100111011100111010011011110110110111100110110011111111110001011101001111
1110111111011111001110101101001001111110110101111111101101000010010110110000101110111010000110110100100001011011111111010110111111001001011010111001111101111110111111001011101000111111111100110110011110110110111101100101110011101110011101001101111011011011110011011001111111111000101110100111
1111011111101111100111010110100100111111011010111111110110100001001011011000010111011101000011011010010000101101111111101011011111100100101101011100111110111111011111100101110100011111111110011011001111011011011110110010111001110111001110100110111101101101111001101100111111111100010111010011
1111101111110111110011101011010010011111101101011111111011010000100101101100001011101110100001101101001000010110111111110101101111110010010110101110011111011111101111110010111010001111111111001101100111101101101111011001011100111011100111010011011110110110111100110110011111111110001011101001
1111110111111011111001110101101001001111110110101111111101101000010010110110000101110111010000110110100100001011011111111010110111111001001011010111001111101111110111111001011101000111111111100110110011110110110111101100101110011101110011101001101111011011011110011011001111111111000101110100
0111111011111101111100111010110100100111111011010111111110110100001001011011000010111011101000011011010010000101101111111101011011111100100101101011100111110111111011111100101110100011111111110011011001111011011011110110010111001110111001110100110111101101101111001101100111111111100010111010
0011111101111110111110011101011010010011111101101011111111011010000100101101100001011101110100001101101001000010110111111110101101111110010010110101110011111011111101111110010111010001111111111001101100111101101101111011001011100111011100111010011011110110110111100110110011111111110001011101
1001111110111111011111001110101101001001111110110101111111101101000010010110110000101110111010000110110100100001011011111111010110111111001001011010111001111101111110111111001011101000111111111100110110011110110110111101100101110011101110011101001101111011011011110011011001111111111000101110
0100111111011111101111100111010110100100111111011010111111110110100001001011011000010111011101000011011010010000101101111111101011011111100100101101011100111110111111011111100101110100011111111110011011001111011011011110110010111001110111001110100110111101101101111001101100111111111100010111
1010011111101111110111110011101011010010011111101101011111111011010000100101101100001011101110100001101101001000010110111111110101101111110010010110101110011111011111101111110010111010001111111111001101100111101101101111011001011100111011100111010011011110110110111100110110011111111110001011
1101001111110111111011111001110101101001001111110110101111111101101000010010110110000101110111010000110110100100001011011111111010110111111001001011010111001111101111110111111001011101000111111111100110110011110110110111101100101110011101110011101001101111011011011110011011001111111111000101
1110100111111011111101111100111010110100100111111011010111111110110100001001011011000010111011101000011011010010000101101111111101011011111100100101101011100111110111111011111100101110100011111111110011011001111011011011110110010111001110111001110100110111101101101111001101100111111111100010
0111010011111101111110111110011101011010010011111101101011111111011010000100101101100001011101110100001101101001000010110111111110101101111110010010110101110011111011111101111110010111010001111111111001101100111101101101111011001011100111011100111010011011110110110111100110110011111111110001
1011101001111110111111011111001110101101001001111110110101111111101101000010010110110000101110111010000110110100100001011011111111010110111111001001011010111001111101111110111111001011101000111111111100110110011110110110111101100101110011101110011101001101111011011011110011011001111111111000
0101110100111111011111101111100111010110100100111111011010111111110110100001001011011000010111011101000011011010010000101101111111101011011111100100101101011100111110111111011111100101110100011111111110011011001111011011011110110010111001110111001110100110111101101101111001101100111111111100
0010111010011111101111110111110011101011010010011111101101011111111011010000100101101100001011101110100001101101001000010110111111110101101111110010010110101110011111011111101111110010111010001111111111001101100111101101101111011001011100111011100111010011011110110110111100110110011111111110
0001011101001111110111111011111001110101101001001111110110101111111101101000010010110110000101110111010000110110100100001011011111111010110111111001001011010111001111101111110111111001011101000111111111100110110011110110110111101100101110011101110011101001101111011011011110011011001111111111
1000101110100111111011111101111100111010110100100111111011010111111110110100001001011011000010111011101000011011010010000101101111111101011011111100100101101011100111110111111011111100101110100011111111110011011001111011011011110110010111001110111001110100110111101101101111001101100111111111
1100010111010011111101111110111110011101011010010011111101101011111111011010000100101101100001011101110100001101101001000010110111111110101101111110010010110101110011111011111101111110010111010001111111111001101100111101101101111011001011100111011100111010011011110110110111100110110011111111
1110001011101001111110111111011111001110101101001001111110110101111111101101000010010110110000101110111010000110110100100001011011111111010110111111001001011010111001111101111110111111001011101000111111111100110110011110110110111101100101110011101110011101001101111011011011110011011001111111
1111000101110100111111011111101111100111010110100100111111011010111111110110100001001011011000010111011101000011011010010000101101111111101011011111100100101101011100111110111111011111100101110100011111111110011011001111011011011110110010111001110111001110100110111101101101111001101100111111
1111100010111010011111101111110111110011101011010010011111101101011111111011010000100101101100001011101110100001101101001000010110111111110101101111110010010110101110011111011111101111110010111010001111111111001101100111101101101111011001011100111011100111010011011110110110111100110110011111
1111110001011101001111110111111011111001110101101001001111110110101111111101101000010010110110000101110111010000110110100100001011011111111010110111111001001011010111001111101111110111111001011101000111111111100110110011110110110111101100101110011101110011101001101111011011011110011011001111
1111111000101110100111111011111101111100111010110100100111111011010111111110110100001001011011000010111011101000011011010010000101101111111101011011111100100101101011100111110111111011111100101110100011111111110011011001111011011011110110010111001110111001110100110111101101101111001101100111
1111111100010111010011111101111110111110011101011010010011111101101011111111011010000100101101100001011101110100001101101001000010110111111110101101111110010010110101110011111011111101111110010111010001111111111001101100111101101101111011001011100111011100111010011011110110110111100110110011
1111111110001011101001111110111111011111001110101101001001111110110101111111101101000010010110110000101110111010000110110100100001011011111111010110111111001001011010111001111101111110111111001011101000111111111100110110011110110110111101100101110011101110011101001101111011011011110011011001
1111111111000101110100111111011111101111100111010110100100111111011010111111110110100001001011011000010111011101000011011010010000101101111111101011011111100100101101011100111110111111011111100101110100011111111110011011001111011011011110110010111001110111001110100110111101101101111001101100
0111111111100010111010011111101111110111110011101011010010011111101101011111111011010000100101101100001011101110100001101101001000010110111111110101101111110010010110101110011111011111101111110010111010001111111111001101100111101101101111011001011100111011100111010011011110110110111100110110
0011111111110001011101001111110111111011111001110101101001001111110110101111111101101000010010110110000101110111010000110110100100001011011111111010110111111001001011010111001111101111110111111001011101000111111111100110110011110110110111101100101110011101110011101001101111011011011110011011
1001111111111000101110100111111011111101111100111010110100100111111011010111111110110100001001011011000010111011101000011011010010000101101111111101011011111100100101101011100111110111111011111100101110100011111111110011011001111011011011110110010111001110111001110100110111101101101111001101
1100111111111100010111010011111101111110111110011101011010010011111101101011111111011010000100101101100001011101110100001101101001000010110111111110101101111110010010110101110011111011111101111110010111010001111111111001101100111101101101111011001011100111011100111010011011110110110111100110
0110011111111110001011101001111110111111011111001110101101001001111110110101111111101101000010010110110000101110111010000110110100100001011011111111010110111111001001011010111001111101111110111111001011101000111111111100110110011110110110111101100101110011101110011101001101111011011011110011
1011001111111111000101110100111111011111101111100111010110100100111111011010111111110110100001001011011000010111011101000011011010010000101101111111101011011111100100101101011100111110111111011111100101110100011111111110011011001111011011011110110010111001110111001110100110111101101101111001
1101100111111111100010111010011111101111110111110011101011010010011111101101011111111011010000100101101100001011101110100001101101001000010110111111110101101111110010010110101110011111011111101111110010111010001111111111001101100111101101101111011001011100111011100111010011011110110110111100
0110110011111111110001011101001111110111111011111001110101101001001111110110101111111101101000010010110110000101110111010000110110100100001011011111111010110111111001001011010111001111101111110111111001011101000111111111100110110011110110110111101100101110011101110011101001101111011011011110
0011011001111111111000101110100111111011111101111100111010110100100111111011010111111110110100001001011011000010111011101000011011010010000101101111111101011011111100100101101011100111110111111011111100101110100011111111110011011001111011011011110110010111001110111001110100110111101101101111
1001101100111111111100010111010011111101111110111110011101011010010011111101101011111111011010000100101101100001011101110100001101101001000010110111111110101101111110010010110101110011111011111101111110010111010001111111111001101100111101101101111011001011100111011100111010011011110110110111
1100110110011111111110001011101001111110111111011111001110101101001001111110110101111111101101000010010110110000101110111010000110110100100001011011111111010110111111001001011010111001111101111110111111001011101000111111111100110110011110110110111101100101110011101110011101001101111011011011
1110011011001111111111000101110100111111011111101111100111010110100100111111011010111111110110100001001011011000010111011101000011011010010000101101111111101011011111100100101101011100111110111111011111100101110100011111111110011011001111011011011110110010111001110111001110100110111101101101
1111001101100111111111100010111010011111101111110111110011101011010010011111101101011111111011010000100101101100001011101110100001101101001000010110111111110101101111110010010110101110011111011111101111110010111010001111111111001101100111101101101111011001011100111011100111010011011110110110
0111100110110011111111110001011101001111110111111011111001110101101001001111110110101111111101101000010010110110000101110111010000110110100100001011011111111010110111111001001011010111001111101111110111111001011101000111111111100110110011110110110111101100101110011101110011101001101111011011
1011110011011001111111111000101110100111111011111101111100111010110100100111111011010111111110110100001001011011000010111011101000011011010010000101101111111101011011111100100101101011100111110111111011111100101110100011111111110011011001111011011011110110010111001110111001110100110111101101
1101111001101100111111111100010111010011111101111110111110011101011010010011111101101011111111011010000100101101100001011101110100001101101001000010110111111110101101111110010010110101110011111011111101111110010111010001111111111001101100111101101101111011001011100111011100111010011011110110
0110111100110110011111111110001011101001111110111111011111001110101101001001111110110101111111101101000010010110110000101110111010000110110100100001011011111111010110111111001001011010111001111101111110111111001011101000111111111100110110011110110110111101100101110011101110011101001101111011
1011011110011011001111111111000101110100111111011111101111100111010110100100111111011010111111110110100001001011011000010111011101000011011010010000101101111111101011011111100100101101011100111110111111011111100101110100011111111110011011001111011011011110110010111001110111001110100110111101
1101101111001101100111111111100010111010011111101111110111110011101011010010011111101101011111111011010000100101101100001011101110100001101101001000010110111111110101101111110010010110101110011111011111101111110010111010001111111111001101100111101101101111011001011100111011100111010011011110
0110110111100110110011111111110001011101001111110111111011111001110101101001001111110110101111111101101000010010110110000101110111010000110110100100001011011111111010110111111001001011010111001111101111110111111001011101000111111111100110110011110110110111101100101110011101110011101001101111
1011011011110011011001111111111000101110100111111011111101111100111010110100100111111011010111111110110100001001011011000010111011101000011011010010000101101111111101011011111100100101101011100111110111111011111100101110100011111111110011011001111011011011110110010111001110111001110100110111
1101101101111001101100111111111100010111010011111101111110111110011101011010010011111101101011111111011010000100101101100001011101110100001101101001000010110111111110101101111110010010110101110011111011111101111110010111010001111111111001101100111101101101111011001011100111011100111010011011
1110110110111100110110011111111110001011101001111110111111011111001110101101001001111110110101111111101101000010010110110000101110111010000110110100100001011011111111010110111111001001011010111001111101111110111111001011101000111111111100110110011110110110111101100101110011101110011101001101
1111011011011110011011001111111111000101110100111111011111101111100111010110100100111111011010111111110110100001001011011000010111011101000011011010010000101101111111101011011111100100101101011100111110111111011111100101110100011111111110011011001111011011011110110010111001110111001110100110
0111101101101111001101100111111111100010111010011111101111110111110011101011010010011111101101011111111011010000100101101100001011101110100001101101001000010110111111110101101111110010010110101110011111011111101111110010111010001111111111001101100111101101101111011001011100111011100111010011
1011110110110111100110110011111111110001011101001111110111111011111001110101101001001111110110101111111101101000010010110110000101110111010000110110100100001011011111111010110111111001001011010111001111101111110111111001011101000111111111100110110011110110110111101100101110011101110011101001
1101111011011011110011011001111111111000101110100111111011111101111100111010110100100111111011010111111110110100001001011011000010111011101000011011010010000101101111111101011011111100100101101011100111110111111011111100101110100011111111110011011001111011011011110110010111001110111001110100
0110111101101101111001101100111111111100010111010011111101111110111110011101011010010011111101101011111111011010000100101101100001011101110100001101101001000010110111111110101101111110010010110101110011111011111101111110010111010001111111111001101100111101101101111011001011100111011100111010
0011011110110110111100110110011111111110001011101001111110111111011111001110101101001001111110110101111111101101000010010110110000101110111010000110110100100001011011111111010110111111001001011010111001111101111110111111001011101000111111111100110110011110110110111101100101110011101110011101
1001101111011011011110011011001111111111000101110100111111011111101111100111010110100100111111011010111111110110100001001011011000010111011101000011011010010000101101111111101011011111100100101101011100111110111111011111100101110100011111111110011011001111011011011110110010111001110111001110
0100110111101101101111001101100111111111100010111010011111101111110111110011101011010010011111101101011111111011010000100101101100001011101110100001101101001000010110111111110101101111110010010110101110011111011111101111110010111010001111111111001101100111101101101111011001011100111011100111
1010011011110110110111100110110011111111110001011101001111110111111011111001110101101001001111110110101111111101101000010010110110000101110111010000110110100100001011011111111010110111111001001011010111001111101111110111111001011101000111111111100110110011110110110111101100101110011101110011
1101001101111011011011110011011001111111111000101110100111111011111101111100111010110100100111111011010111111110110100001001011011000010111011101000011011010010000101101111111101011011111100100101101011100111110111111011111100101110100011111111110011011001111011011011110110010111001110111001
1110100110111101101101111001101100111111111100010111010011111101111110111110011101011010010011111101101011111111011010000100101101100001011101110100001101101001000010110111111110101101111110010010110101110011111011111101111110010111010001111111111001101100111101101101111011001011100111011100
0111010011011110110110111100110110011111111110001011101001111110111111011111001110101101001001111110110101111111101101000010010110110000101110111010000110110100100001011011111111010110111111001001011010111001111101111110111111001011101000111111111100110110011110110110111101100101110011101110
0011101001101111011011011110011011001111111111000101110100111111011111101111100111010110100100111111011010111111110110100001001011011000010111011101000011011010010000101101111111101011011111100100101101011100111110111111011111100101110100011111111110011011001111011011011110110010111001110111
1001110100110111101101101111001101100111111111100010111010011111101111110111110011101011010010011111101101011111111011010000100101101100001011101110100001101101001000010110111111110101101111110010010110101110011111011111101111110010111010001111111111001101100111101101101111011001011100111011
1100111010011011110110110111100110110011111111110001011101001111110111111011111001110101101001001111110110101111111101101000010010110110000101110111010000110110100100001011011111111010110111111001001011010111001111101111110111111001011101000111111111100110110011110110110111101100101110011101
1110011101001101111011011011110011011001111111111000101110100111111011111101111100111010110100100111111011010111111110110100001001011011000010111011101000011011010010000101101111111101011011111100100101101011100111110111111011111100101110100011111111110011011001111011011011110110010111001110
