0101111100110111111110111010110011110110111111101110100111011110011111111111001100011110001111000101001001011011001111001101011111000101000111110101100111100110110100100101000111100011110001100111111111110011110111001011101111111011011110011010111011111111011001111101
1010111110011011111111011101011001111011011111110111010011101111001111111111100110001111000111100010100100101101100111100110101111100010100011111010110011110011011010010010100011110001111000110011111111111001111011100101110111111101101111001101011101111111101100111110
0101011111001101111111101110101100111101101111111011101001110111100111111111110011000111100011110001010010010110110011110011010111110001010001111101011001111001101101001001010001111000111100011001111111111100111101110010111011111110110111100110101110111111110110011111
1010101111100110111111110111010110011110110111111101110100111011110011111111111001100011110001111000101001001011011001111001101011111000101000111110101100111100110110100100101000111100011110001100111111111110011110111001011101111111011011110011010111011111111011001111
1101010111110011011111111011101011001111011011111110111010011101111001111111111100110001111000111100010100100101101100111100110101111100010100011111010110011110011011010010010100011110001111000110011111111111001111011100101110111111101101111001101011101111111101100111
1110101011111001101111111101110101100111101101111111011101001110111100111111111110011000111100011110001010010010110110011110011010111110001010001111101011001111001101101001001010001111000111100011001111111111100111101110010111011111110110111100110101110111111110110011
1111010101111100110111111110111010110011110110111111101110100111011110011111111111001100011110001111000101001001011011001111001101011111000101000111110101100111100110110100100101000111100011110001100111111111110011110111001011101111111011011110011010111011111111011001
1111101010111110011011111111011101011001111011011111110111010011101111001111111111100110001111000111100010100100101101100111100110101111100010100011111010110011110011011010010010100011110001111000110011111111111001111011100101110111111101101111001101011101111111101100
0111110101011111001101111111101110101100111101101111111011101001110111100111111111110011000111100011110001010010010110110011110011010111110001010001111101011001111001101101001001010001111000111100011001111111111100111101110010111011111110110111100110101110111111110110
0011111010101111100110111111110111010110011110110111111101110100111011110011111111111001100011110001111000101001001011011001111001101011111000101000111110101100111100110110100100101000111100011110001100111111111110011110111001011101111111011011110011010111011111111011
1001111101010111110011011111111011101011001111011011111110111010011101111001111111111100110001111000111100010100100101101100111100110101111100010100011111010110011110011011010010010100011110001111000110011111111111001111011100101110111111101101111001101011101111111101
1100111110101011111001101111111101110101100111101101111111011101001110111100111111111110011000111100011110001010010010110110011110011010111110001010001111101011001111001101101001001010001111000111100011001111111111100111101110010111011111110110111100110101110111111110
0110011111010101111100110111111110111010110011110110111111101110100111011110011111111111001100011110001111000101001001011011001111001101011111000101000111110101100111100110110100100101000111100011110001100111111111110011110111001011101111111011011110011010111011111111
1011001111101010111110011011111111011101011001111011011111110111010011101111001111111111100110001111000111100010100100101101100111100110101111100010100011111010110011110011011010010010100011110001111000110011111111111001111011100101110111111101101111001101011101111111
1101100111110101011111001101111111101110101100111101101111111011101001110111100111111111110011000111100011110001010010010110110011110011010111110001010001111101011001111001101101001001010001111000111100011001111111111100111101110010111011111110110111100110101110111111
1110110011111010101111100110111111110111010110011110110111111101110100111011110011111111111001100011110001111000101001001011011001111001101011111000101000111110101100111100110110100100101000111100011110001100111111111110011110111001011101111111011011110011010111011111
1111011001111101010111110011011111111011101011001111011011111110111010011101111001111111111100110001111000111100010100100101101100111100110101111100010100011111010110011110011011010010010100011110001111000110011111111111001111011100101110111111101101111001101011101111
1111101100111110101011111001101111111101110101100111101101111111011101001110111100111111111110011000111100011110001010010010110110011110011010111110001010001111101011001111001101101001001010001111000111100011001111111111100111101110010111011111110110111100110101110111
1111110110011111010101111100110111111110111010110011110110111111101110100111011110011111111111001100011110001111000101001001011011001111001101011111000101000111110101100111100110110100100101000111100011110001100111111111110011110111001011101111111011011110011010111011
1111111011001111101010111110011011111111011101011001111011011111110111010011101111001111111111100110001111000111100010100100101101100111100110101111100010100011111010110011110011011010010010100011110001111000110011111111111001111011100101110111111101101111001101011101
1111111101100111110101011111001101111111101110101100111101101111111011101001110111100111111111110011000111100011110001010010010110110011110011010111110001010001111101011001111001101101001001010001111000111100011001111111111100111101110010111011111110110111100110101110
0111111110110011111010101111100110111111110111010110011110110111111101110100111011110011111111111001100011110001111000101001001011011001111001101011111000101000111110101100111100110110100100101000111100011110001100111111111110011110111001011101111111011011110011010111
1011111111011001111101010111110011011111111011101011001111011011111110111010011101111001111111111100110001111000111100010100100101101100111100110101111100010100011111010110011110011011010010010100011110001111000110011111111111001111011100101110111111101101111001101011
1101111111101100111110101011111001101111111101110101100111101101111111011101001110111100111111111110011000111100011110001010010010110110011110011010111110001010001111101011001111001101101001001010001111000111100011001111111111100111101110010111011111110110111100110101
1110111111110110011111010101111100110111111110111010110011110110111111101110100111011110011111111111001100011110001111000101001001011011001111001101011111000101000111110101100111100110110100100101000111100011110001100111111111110011110111001011101111111011011110011010
0111011111111011001111101010111110011011111111011101011001111011011111110111010011101111001111111111100110001111000111100010100100101101100111100110101111100010100011111010110011110011011010010010100011110001111000110011111111111001111011100101110111111101101111001101
1011101111111101100111110101011111001101111111101110101100111101101111111011101001110111100111111111110011000111100011110001010010010110110011110011010111110001010001111101011001111001101101001001010001111000111100011001111111111100111101110010111011111110110111100110
0101110111111110110011111010101111100110111111110111010110011110110111111101110100111011110011111111111001100011110001111000101001001011011001111001101011111000101000111110101100111100110110100100101000111100011110001100111111111110011110111001011101111111011011110011
1010111011111111011001111101010111110011011111111011101011001111011011111110111010011101111001111111111100110001111000111100010100100101101100111100110101111100010100011111010110011110011011010010010100011110001111000110011111111111001111011100101110111111101101111001
1101011101111111101100111110101011111001101111111101110101100111101101111111011101001110111100111111111110011000111100011110001010010010110110011110011010111110001010001111101011001111001101101001001010001111000111100011001111111111100111101110010111011111110110111100
0110101110111111110110011111010101111100110111111110111010110011110110111111101110100111011110011111111111001100011110001111000101001001011011001111001101011111000101000111110101100111100110110100100101000111100011110001100111111111110011110111001011101111111011011110
0011010111011111111011001111101010111110011011111111011101011001111011011111110111010011101111001111111111100110001111000111100010100100101101100111100110101111100010100011111010110011110011011010010010100011110001111000110011111111111001111011100101110111111101101111
1001101011101111111101100111110101011111001101111111101110101100111101101111111011101001110111100111111111110011000111100011110001010010010110110011110011010111110001010001111101011001111001101101001001010001111000111100011001111111111100111101110010111011111110110111
1100110101110111111110110011111010101111100110111111110111010110011110110111111101110100111011110011111111111001100011110001111000101001001011011001111001101011111000101000111110101100111100110110100100101000111100011110001100111111111110011110111001011101111111011011
1110011010111011111111011001111101010111110011011111111011101011001111011011111110111010011101111001111111111100110001111000111100010100100101101100111100110101111100010100011111010110011110011011010010010100011110001111000110011111111111001111011100101110111111101101
1111001101011101111111101100111110101011111001101111111101110101100111101101111111011101001110111100111111111110011000111100011110001010010010110110011110011010111110001010001111101011001111001101101001001010001111000111100011001111111111100111101110010111011111110110
0111100110101110111111110110011111010101111100110111111110111010110011110110111111101110100111011110011111111111001100011110001111000101001001011011001111001101011111000101000111110101100111100110110100100101000111100011110001100111111111110011110111001011101111111011
1011110011010111011111111011001111101010111110011011111111011101011001111011011111110111010011101111001111111111100110001111000111100010100100101101100111100110101111100010100011111010110011110011011010010010100011110001111000110011111111111001111011100101110111111101
1101111001101011101111111101100111110101011111001101111111101110101100111101101111111011101001110111100111111111110011000111100011110001010010010110110011110011010111110001010001111101011001111001101101001001010001111000111100011001111111111100111101110010111011111110
0110111100110101110111111110110011111010101111100110111111110111010110011110110111111101110100111011110011111111111001100011110001111000101001001011011001111001101011111000101000111110101100111100110110100100101000111100011110001100111111111110011110111001011101111111
1011011110011010111011111111011001111101010111110011011111111011101011001111011011111110111010011101111001111111111100110001111000111100010100100101101100111100110101111100010100011111010110011110011011010010010100011110001111000110011111111111001111011100101110111111
1101101111001101011101111111101100111110101011111001101111111101110101100111101101111111011101001110111100111111111110011000111100011110001010010010110110011110011010111110001010001111101011001111001101101001001010001111000111100011001111111111100111101110010111011111
1110110111100110101110111111110110011111010101111100110111111110111010110011110110111111101110100111011110011111111111001100011110001111000101001001011011001111001101011111000101000111110101100111100110110100100101000111100011110001100111111111110011110111001011101111
1111011011110011010111011111111011001111101010111110011011111111011101011001111011011111110111010011101111001111111111100110001111000111100010100100101101100111100110101111100010100011111010110011110011011010010010100011110001111000110011111111111001111011100101110111
1111101101111001101011101111111101100111110101011111001101111111101110101100111101101111111011101001110111100111111111110011000111100011110001010010010110110011110011010111110001010001111101011001111001101101001001010001111000111100011001111111111100111101110010111011
1111110110111100110101110111111110110011111010101111100110111111110111010110011110110111111101110100111011110011111111111001100011110001111000101001001011011001111001101011111000101000111110101100111100110110100100101000111100011110001100111111111110011110111001011101
1111111011011110011010111011111111011001111101010111110011011111111011101011001111011011111110111010011101111001111111111100110001111000111100010100100101101100111100110101111100010100011111010110011110011011010010010100011110001111000110011111111111001111011100101110
0111111101101111001101011101111111101100111110101011111001101111111101110101100111101101111111011101001110111100111111111110011000111100011110001010010010110110011110011010111110001010001111101011001111001101101001001010001111000111100011001111111111100111101110010111
1011111110110111100110101110111111110110011111010101111100110111111110111010110011110110111111101110100111011110011111111111001100011110001111000101001001011011001111001101011111000101000111110101100111100110110100100101000111100011110001100111111111110011110111001011
1101111111011011110011010111011111111011001111101010111110011011111111011101011001111011011111110111010011101111001111111111100110001111000111100010100100101101100111100110101111100010100011111010110011110011011010010010100011110001111000110011111111111001111011100101
1110111111101101111001101011101111111101100111110101011111001101111111101110101100111101101111111011101001110111100111111111110011000111100011110001010010010110110011110011010111110001010001111101011001111001101101001001010001111000111100011001111111111100111101110010
0111011111110110111100110101110111111110110011111010101111100110111111110111010110011110110111111101110100111011110011111111111001100011110001111000101001001011011001111001101011111000101000111110101100111100110110100100101000111100011110001100111111111110011110111001
1011101111111011011110011010111011111111011001111101010111110011011111111011101011001111011011111110111010011101111001111111111100110001111000111100010100100101101100111100110101111100010100011111010110011110011011010010010100011110001111000110011111111111001111011100
0101110111111101101111001101011101111111101100111110101011111001101111111101110101100111101101111111011101001110111100111111111110011000111100011110001010010010110110011110011010111110001010001111101011001111001101101001001010001111000111100011001111111111100111101110
0010111011111110110111100110101110111111110110011111010101111100110111111110111010110011110110111111101110100111011110011111111111001100011110001111000101001001011011001111001101011111000101000111110101100111100110110100100101000111100011110001100111111111110011110111
1001011101111111011011110011010111011111111011001111101010111110011011111111011101011001111011011111110111010011101111001111111111100110001111000111100010100100101101100111100110101111100010100011111010110011110011011010010010100011110001111000110011111111111001111011
1100101110111111101101111001101011101111111101100111110101011111001101111111101110101100111101101111111011101001110111100111111111110011000111100011110001010010010110110011110011010111110001010001111101011001111001101101001001010001111000111100011001111111111100111101
1110010111011111110110111100110101110111111110110011111010101111100110111111110111010110011110110111111101110100111011110011111111111001100011110001111000101001001011011001111001101011111000101000111110101100111100110110100100101000111100011110001100111111111110011110
0111001011101111111011011110011010111011111111011001111101010111110011011111111011101011001111011011111110111010011101111001111111111100110001111000111100010100100101101100111100110101111100010100011111010110011110011011010010010100011110001111000110011111111111001111
1011100101110111111101101111001101011101111111101100111110101011111001101111111101110101100111101101111111011101001110111100111111111110011000111100011110001010010010110110011110011010111110001010001111101011001111001101101001001010001111000111100011001111111111100111
1101110010111011111110110111100110101110111111110110011111010101111100110111111110111010110011110110111111101110100111011110011111111111001100011110001111000101001001011011001111001101011111000101000111110101100111100110110100100101000111100011110001100111111111110011
1110111001011101111111011011110011010111011111111011001111101010111110011011111111011101011001111011011111110111010011101111001111111111100110001111000111100010100100101101100111100110101111100010100011111010110011110011011010010010100011110001111000110011111111111001
1111011100101110111111101101111001101011101111111101100111110101011111001101111111101110101100111101101111111011101001110111100111111111110011000111100011110001010010010110110011110011010111110001010001111101011001111001101101001001010001111000111100011001111111111100
0111101110010111011111110110111100110101110111111110110011111010101111100110111111110111010110011110110111111101110100111011110011111111111001100011110001111000101001001011011001111001101011111000101000111110101100111100110110100100101000111100011110001100111111111110
0011110111001011101111111011011110011010111011111111011001111101010111110011011111111011101011001111011011111110111010011101111001111111111100110001111000111100010100100101101100111100110101111100010100011111010110011110011011010010010100011110001111000110011111111111
1001111011100101110111111101101111001101011101111111101100111110101011111001101111111101110101100111101101111111011101001110111100111111111110011000111100011110001010010010110110011110011010111110001010001111101011001111001101101001001010001111000111100011001111111111
1100111101110010111011111110110111100110101110111111110110011111010101111100110111111110111010110011110110111111101110100111011110011111111111001100011110001111000101001001011011001111001101011111000101000111110101100111100110110100100101000111100011110001100111111111
1110011110111001011101111111011011110011010111011111111011001111101010111110011011111111011101011001111011011111110111010011101111001111111111100110001111000111100010100100101101100111100110101111100010100011111010110011110011011010010010100011110001111000110011111111
1111001111011100101110111111101101111001101011101111111101100111110101011111001101111111101110101100111101101111111011101001110111100111111111110011000111100011110001010010010110110011110011010111110001010001111101011001111001101101001001010001111000111100011001111111
1111100111101110010111011111110110111100110101110111111110110011111010101111100110111111110111010110011110110111111101110100111011110011111111111001100011110001111000101001001011011001111001101011111000101000111110101100111100110110100100101000111100011110001100111111
1111110011110111001011101111111011011110011010111011111111011001111101010111110011011111111011101011001111011011111110111010011101111001111111111100110001111000111100010100100101101100111100110101111100010100011111010110011110011011010010010100011110001111000110011111
1111111001111011100101110111111101101111001101011101111111101100111110101011111001101111111101110101100111101101111111011101001110111100111111111110011000111100011110001010010010110110011110011010111110001010001111101011001111001101101001001010001111000111100011001111
1111111100111101110010111011111110110111100110101110111111110110011111010101111100110111111110111010110011110110111111101110100111011110011111111111001100011110001111000101001001011011001111001101011111000101000111110101100111100110110100100101000111100011110001100111
1111111110011110111001011101111111011011110011010111011111111011001111101010111110011011111111011101011001111011011111110111010011101111001111111111100110001111000111100010100100101101100111100110101111100010100011111010110011110011011010010010100011110001111000110011
1111111111001111011100101110111111101101111001101011101111111101100111110101011111001101111111101110101100111101101111111011101001110111100111111111110011000111100011110001010010010110110011110011010111110001010001111101011001111001101101001001010001111000111100011001
1111111111100111101110010111011111110110111100110101110111111110110011111010101111100110111111110111010110011110110111111101110100111011110011111111111001100011110001111000101001001011011001111001101011111000101000111110101100111100110110100100101000111100011110001100
0111111111110011110111001011101111111011011110011010111011111111011001111101010111110011011111111011101011001111011011111110111010011101111001111111111100110001111000111100010100100101101100111100110101111100010100011111010110011110011011010010010100011110001111000110
0011111111111001111011100101110111111101101111001101011101111111101100111110101011111001101111111101110101100111101101111111011101001110111100111111111110011000111100011110001010010010110110011110011010111110001010001111101011001111001101101001001010001111000111100011
1001111111111100111101110010111011111110110111100110101110111111110110011111010101111100110111111110111010110011110110111111101110100111011110011111111111001100011110001111000101001001011011001111001101011111000101000111110101100111100110110100100101000111100011110001
1100111111111110011110111001011101111111011011110011010111011111111011001111101010111110011011111111011101011001111011011111110111010011101111001111111111100110001111000111100010100100101101100111100110101111100010100011111010110011110011011010010010100011110001111000
0110011111111111001111011100101110111111101101111001101011101111111101100111110101011111001101111111101110101100111101101111111011101001110111100111111111110011000111100011110001010010010110110011110011010111110001010001111101011001111001101101001001010001111000111100
0011001111111111100111101110010111011111110110111100110101110111111110110011111010101111100110111111110111010110011110110111111101110100111011110011111111111001100011110001111000101001001011011001111001101011111000101000111110101100111100110110100100101000111100011110
0001100111111111110011110111001011101111111011011110011010111011111111011001111101010111110011011111111011101011001111011011111110111010011101111001111111111100110001111000111100010100100101101100111100110101111100010100011111010110011110011011010010010100011110001111
1000110011111111111001111011100101110111111101101111001101011101111111101100111110101011111001101111111101110101100111101101111111011101001110111100111111111110011000111100011110001010010010110110011110011010111110001010001111101011001111001101101001001010001111000111
1100011001111111111100111101110010111011111110110111100110101110111111110110011111010101111100110111111110111010110011110110111111101110100111011110011111111111001100011110001111000101001001011011001111001101011111000101000111110101100111100110110100100101000111100011
1110001100111111111110011110111001011101111111011011110011010111011111111011001111101010111110011011111111011101011001111011011111110111010011101111001111111111100110001111000111100010100100101101100111100110101111100010100011111010110011110011011010010010100011110001
1111000110011111111111001111011100101110111111101101111001101011101111111101100111110101011111001101111111101110101100111101101111111011101001110111100111111111110011000111100011110001010010010110110011110011010111110001010001111101011001111001101101001001010001111000
0111100011001111111111100111101110010111011111110110111100110101110111111110110011111010101111100110111111110111010110011110110111111101110100111011110011111111111001100011110001111000101001001011011001111001101011111000101000111110101100111100110110100100101000111100
0011110001100111111111110011110111001011101111111011011110011010111011111111011001111101010111110011011111111011101011001111011011111110111010011101111001111111111100110001111000111100010100100101101100111100110101111100010100011111010110011110011011010010010100011110
0001111000110011111111111001111011100101110111111101101111001101011101111111101100111110101011111001101111111101110101100111101101111111011101001110111100111111111110011000111100011110001010010010110110011110011010111110001010001111101011001111001101101001001010001111
1000111100011001111111111100111101110010111011111110110111100110101110111111110110011111010101111100110111111110111010110011110110111111101110100111011110011111111111001100011110001111000101001001011011001111001101011111000101000111110101100111100110110100100101000111
1100011110001100111111111110011110111001011101111111011011110011010111011111111011001111101010111110011011111111011101011001111011011111110111010011101111001111111111100110001111000111100010100100101101100111100110101111100010100011111010110011110011011010010010100011
1110001111000110011111111111001111011100101110111111101101111001101011101111111101100111110101011111001101111111101110101100111101101111111011101001110111100111111111110011000111100011110001010010010110110011110011010111110001010001111101011001111001101101001001010001
1111000111100011001111111111100111101110010111011111110110111100110101110111111110110011111010101111100110111111110111010110011110110111111101110100111011110011111111111001100011110001111000101001001011011001111001101011111000101000111110101100111100110110100100101000
0111100011110001100111111111110011110111001011101111111011011110011010111011111111011001111101010111110011011111111011101011001111011011111110111010011101111001111111111100110001111000111100010100100101101100111100110101111100010100011111010110011110011011010010010100
0011110001111000110011111111111001111011100101110111111101101111001101011101111111101100111110101011111001101111111101110101100111101101111111011101001110111100111111111110011000111100011110001010010010110110011110011010111110001010001111101011001111001101101001001010
0001111000111100011001111111111100111101110010111011111110110111100110101110111111110110011111010101111100110111111110111010110011110110111111101110100111011110011111111111001100011110001111000101001001011011001111001101011111000101000111110101100111100110110100100101
1000111100011110001100111111111110011110111001011101111111011011110011010111011111111011001111101010111110011011111111011101011001111011011111110111010011101111001111111111100110001111000111100010100100101101100111100110101111100010100011111010110011110011011010010010
0100011110001111000110011111111111001111011100101110111111101101111001101011101111111101100111110101011111001101111111101110101100111101101111111011101001110111100111111111110011000111100011110001010010010110110011110011010111110001010001111101011001111001101101001001
1010001111000111100011001111111111100111101110010111011111110110111100110101110111111110110011111010101111100110111111110111010110011110110111111101110100111011110011111111111001100011110001111000101001001011011001111001101011111000101000111110101100111100110110100100
0101000111100011110001100111111111110011110111001011101111111011011110011010111011111111011001111101010111110011011111111011101011001111011011111110111010011101111001111111111100110001111000111100010100100101101100111100110101111100010100011111010110011110011011010010
0010100011110001111000110011111111111001111011100101110111111101101111001101011101111111101100111110101011111001101111111101110101100111101101111111011101001110111100111111111110011000111100011110001010010010110110011110011010111110001010001111101011001111001101101001
1001010001111000111100011001111111111100111101110010111011111110110111100110101110111111110110011111010101111100110111111110111010110011110110111111101110100111011110011111111111001100011110001111000101001001011011001111001101011111000101000111110101100111100110110100
0100101000111100011110001100111111111110011110111001011101111111011011110011010111011111111011001111101010111110011011111111011101011001111011011111110111010011101111001111111111100110001111000111100010100100101101100111100110101111100010100011111010110011110011011010
0010010100011110001111000110011111111111001111011100101110111111101101111001101011101111111101100111110101011111001101111111101110101100111101101111111011101001110111100111111111110011000111100011110001010010010110110011110011010111110001010001111101011001111001101101
1001001010001111000111100011001111111111100111101110010111011111110110111100110101110111111110110011111010101111100110111111110111010110011110110111111101110100111011110011111111111001100011110001111000101001001011011001111001101011111000101000111110101100111100110110
0100100101000111100011110001100111111111110011110111001011101111111011011110011010111011111111011001111101010111110011011111111011101011001111011011111110111010011101111001111111111100110001111000111100010100100101101100111100110101111100010100011111010110011110011011
1010010010100011110001111000110011111111111001111011100101110111111101101111001101011101111111101100111110101011111001101111111101110101100111101101111111011101001110111100111111111110011000111100011110001010010010110110011110011010111110001010001111101011001111001101
1101001001010001111000111100011001111111111100111101110010111011111110110111100110101110111111110110011111010101111100110111111110111010110011110110111111101110100111011110011111111111001100011110001111000101001001011011001111001101011111000101000111110101100111100110
0110100100101000111100011110001100111111111110011110111001011101111111011011110011010111011111111011001111101010111110011011111111011101011001111011011111110111010011101111001111111111100110001111000111100010100100101101100111100110101111100010100011111010110011110011
1011010010010100011110001111000110011111111111001111011100101110111111101101111001101011101111111101100111110101011111001101111111101110101100111101101111111011101001110111100111111111110011000111100011110001010010010110110011110011010111110001010001111101011001111001
1101101001001010001111000111100011001111111111100111101110010111011111110110111100110101110111111110110011111010101111100110111111110111010110011110110111111101110100111011110011111111111001100011110001111000101001001011011001111001101011111000101000111110101100111100
0110110100100101000111100011110001100111111111110011110111001011101111111011011110011010111011111111011001111101010111110011011111111011101011001111011011111110111010011101111001111111111100110001111000111100010100100101101100111100110101111100010100011111010110011110
0011011010010010100011110001111000110011111111111001111011100101110111111101101111001101011101111111101100111110101011111001101111111101110101100111101101111111011101001110111100111111111110011000111100011110001010010010110110011110011010111110001010001111101011001111
1001101101001001010001111000111100011001111111111100111101110010111011111110110111100110101110111111110110011111010101111100110111111110111010110011110110111111101110100111011110011111111111001100011110001111000101001001011011001111001101011111000101000111110101100111
1100110110100100101000111100011110001100111111111110011110111001011101111111011011110011010111011111111011001111101010111110011011111111011101011001111011011111110111010011101111001111111111100110001111000111100010100100101101100111100110101111100010100011111010110011
1110011011010010010100011110001111000110011111111111001111011100101110111111101101111001101011101111111101100111110101011111001101111111101110101100111101101111111011101001110111100111111111110011000111100011110001010010010110110011110011010111110001010001111101011001
1111001101101001001010001111000111100011001111111111100111101110010111011111110110111100110101110111111110110011111010101111100110111111110111010110011110110111111101110100111011110011111111111001100011110001111000101001001011011001111001101011111000101000111110101100
0111100110110100100101000111100011110001100111111111110011110111001011101111111011011110011010111011111111011001111101010111110011011111111011101011001111011011111110111010011101111001111111111100110001111000111100010100100101101100111100110101111100010100011111010110
0011110011011010010010100011110001111000110011111111111001111011100101110111111101101111001101011101111111101100111110101011111001101111111101110101100111101101111111011101001110111100111111111110011000111100011110001010010010110110011110011010111110001010001111101011
1001111001101101001001010001111000111100011001111111111100111101110010111011111110110111100110101110111111110110011111010101111100110111111110111010110011110110111111101110100111011110011111111111001100011110001111000101001001011011001111001101011111000101000111110101
1100111100110110100100101000111100011110001100111111111110011110111001011101111111011011110011010111011111111011001111101010111110011011111111011101011001111011011111110111010011101111001111111111100110001111000111100010100100101101100111100110101111100010100011111010
0110011110011011010010010100011110001111000110011111111111001111011100101110111111101101111001101011101111111101100111110101011111001101111111101110101100111101101111111011101001110111100111111111110011000111100011110001010010010110110011110011010111110001010001111101
1011001111001101101001001010001111000111100011001111111111100111101110010111011111110110111100110101110111111110110011111010101111100110111111110111010110011110110111111101110100111011110011111111111001100011110001111000101001001011011001111001101011111000101000111110
0101100111100110110100100101000111100011110001100111111111110011110111001011101111111011011110011010111011111111011001111101010111110011011111111011101011001111011011111110111010011101111001111111111100110001111000111100010100100101101100111100110101111100010100011111
1010110011110011011010010010100011110001111000110011111111111001111011100101110111111101101111001101011101111111101100111110101011111001101111111101110101100111101101111111011101001110111100111111111110011000111100011110001010010010110110011110011010111110001010001111
1101011001111001101101001001010001111000111100011001111111111100111101110010111011111110110111100110101110111111110110011111010101111100110111111110111010110011110110111111101110100111011110011111111111001100011110001111000101001001011011001111001101011111000101000111
1110101100111100110110100100101000111100011110001100111111111110011110111001011101111111011011110011010111011111111011001111101010111110011011111111011101011001111011011111110111010011101111001111111111100110001111000111100010100100101101100111100110101111100010100011
1111010110011110011011010010010100011110001111000110011111111111001111011100101110111111101101111001101011101111111101100111110101011111001101111111101110101100111101101111111011101001110111100111111111110011000111100011110001010010010110110011110011010111110001010001
1111101011001111001101101001001010001111000111100011001111111111100111101110010111011111110110111100110101110111111110110011111010101111100110111111110111010110011110110111111101110100111011110011111111111001100011110001111000101001001011011001111001101011111000101000
0111110101100111100110110100100101000111100011110001100111111111110011110111001011101111111011011110011010111011111111011001111101010111110011011111111011101011001111011011111110111010011101111001111111111100110001111000111100010100100101101100111100110101111100010100
0011111010110011110011011010010010100011110001111000110011111111111001111011100101110111111101101111001101011101111111101100111110101011111001101111111101110101100111101101111111011101001110111100111111111110011000111100011110001010010010110110011110011010111110001010
0001111101011001111001101101001001010001111000111100011001111111111100111101110010111011111110110111100110101110111111110110011111010101111100110111111110111010110011110110111111101110100111011110011111111111001100011110001111000101001001011011001111001101011111000101
1000111110101100111100110110100100101000111100011110001100111111111110011110111001011101111111011011110011010111011111111011001111101010111110011011111111011101011001111011011111110111010011101111001111111111100110001111000111100010100100101101100111100110101111100010
0100011111010110011110011011010010010100011110001111000110011111111111001111011100101110111111101101111001101011101111111101100111110101011111001101111111101110101100111101101111111011101001110111100111111111110011000111100011110001010010010110110011110011010111110001
1010001111101011001111001101101001001010001111000111100011001111111111100111101110010111011111110110111100110101110111111110110011111010101111100110111111110111010110011110110111111101110100111011110011111111111001100011110001111000101001001011011001111001101011111000
0101000111110101100111100110110100100101000111100011110001100111111111110011110111001011101111111011011110011010111011111111011001111101010111110011011111111011101011001111011011111110111010011101111001111111111100110001111000111100010100100101101100111100110101111100
0010100011111010110011110011011010010010100011110001111000110011111111111001111011100101110111111101101111001101011101111111101100111110101011111001101111111101110101100111101101111111011101001110111100111111111110011000111100011110001010010010110110011110011010111110
0001010001111101011001111001101101001001010001111000111100011001111111111100111101110010111011111110110111100110101110111111110110011111010101111100110111111110111010110011110110111111101110100111011110011111111111001100011110001111000101001001011011001111001101011111
1000101000111110101100111100110110100100101000111100011110001100111111111110011110111001011101111111011011110011010111011111111011001111101010111110011011111111011101011001111011011111110111010011101111001111111111100110001111000111100010100100101101100111100110101111
1100010100011111010110011110011011010010010100011110001111000110011111111111001111011100101110111111101101111001101011101111111101100111110101011111001101111111101110101100111101101111111011101001110111100111111111110011000111100011110001010010010110110011110011010111
1110001010001111101011001111001101101001001010001111000111100011001111111111100111101110010111011111110110111100110101110111111110110011111010101111100110111111110111010110011110110111111101110100111011110011111111111001100011110001111000101001001011011001111001101011
1111000101000111110101100111100110110100100101000111100011110001100111111111110011110111001011101111111011011110011010111011111111011001111101010111110011011111111011101011001111011011111110111010011101111001111111111100110001111000111100010100100101101100111100110101
1111100010100011111010110011110011011010010010100011110001111000110011111111111001111011100101110111111101101111001101011101111111101100111110101011111001101111111101110101100111101101111111011101001110111100111111111110011000111100011110001010010010110110011110011010
0111110001010001111101011001111001101101001001010001111000111100011001111111111100111101110010111011111110110111100110101110111111110110011111010101111100110111111110111010110011110110111111101110100111011110011111111111001100011110001111000101001001011011001111001101
1011111000101000111110101100111100110110100100101000111100011110001100111111111110011110111001011101111111011011110011010111011111111011001111101010111110011011111111011101011001111011011111110111010011101111001111111111100110001111000111100010100100101101100111100110
0101111100010100011111010110011110011011010010010100011110001111000110011111111111001111011100101110111111101101111001101011101111111101100111110101011111001101111111101110101100111101101111111011101001110111100111111111110011000111100011110001010010010110110011110011
1010111110001010001111101011001111001101101001001010001111000111100011001111111111100111101110010111011111110110111100110101110111111110110011111010101111100110111111110111010110011110110111111101110100111011110011111111111001100011110001111000101001001011011001111001
1101011111000101000111110101100111100110110100100101000111100011110001100111111111110011110111001011101111111011011110011010111011111111011001111101010111110011011111111011101011001111011011111110111010011101111001111111111100110001111000111100010100100101101100111100
0110101111100010100011111010110011110011011010010010100011110001111000110011111111111001111011100101110111111101101111001101011101111111101100111110101011111001101111111101110101100111101101111111011101001110111100111111111110011000111100011110001010010010110110011110
0011010111110001010001111101011001111001101101001001010001111000111100011001111111111100111101110010111011111110110111100110101110111111110110011111010101111100110111111110111010110011110110111111101110100111011110011111111111001100011110001111000101001001011011001111
1001101011111000101000111110101100111100110110100100101000111100011110001100111111111110011110111001011101111111011011110011010111011111111011001111101010111110011011111111011101011001111011011111110111010011101111001111111111100110001111000111100010100100101101100111
1100110101111100010100011111010110011110011011010010010100011110001111000110011111111111001111011100101110111111101101111001101011101111111101100111110101011111001101111111101110101100111101101111111011101001110111100111111111110011000111100011110001010010010110110011
1110011010111110001010001111101011001111001101101001001010001111000111100011001111111111100111101110010111011111110110111100110101110111111110110011111010101111100110111111110111010110011110110111111101110100111011110011111111111001100011110001111000101001001011011001
1111001101011111000101000111110101100111100110110100100101000111100011110001100111111111110011110111001011101111111011011110011010111011111111011001111101010111110011011111111011101011001111011011111110111010011101111001111111111100110001111000111100010100100101101100
0111100110101111100010100011111010110011110011011010010010100011110001111000110011111111111001111011100101110111111101101111001101011101111111101100111110101011111001101111111101110101100111101101111111011101001110111100111111111110011000111100011110001010010010110110
0011110011010111110001010001111101011001111001101101001001010001111000111100011001111111111100111101110010111011111110110111100110101110111111110110011111010101111100110111111110111010110011110110111111101110100111011110011111111111001100011110001111000101001001011011
1001111001101011111000101000111110101100111100110110100100101000111100011110001100111111111110011110111001011101111111011011110011010111011111111011001111101010111110011011111111011101011001111011011111110111010011101111001111111111100110001111000111100010100100101101
1100111100110101111100010100011111010110011110011011010010010100011110001111000110011111111111001111011100101110111111101101111001101011101111111101100111110101011111001101111111101110101100111101101111111011101001110111100111111111110011000111100011110001010010010110
0110011110011010111110001010001111101011001111001101101001001010001111000111100011001111111111100111101110010111011111110110111100110101110111111110110011111010101111100110111111110111010110011110110111111101110100111011110011111111111001100011110001111000101001001011
1011001111001101011111000101000111110101100111100110110100100101000111100011110001100111111111110011110111001011101111111011011110011010111011111111011001111101010111110011011111111011101011001111011011111110111010011101111001111111111100110001111000111100010100100101
1101100111100110101111100010100011111010110011110011011010010010100011110001111000110011111111111001111011100101110111111101101111001101011101111111101100111110101011111001101111111101110101100111101101111111011101001110111100111111111110011000111100011110001010010010
0110110011110011010111110001010001111101011001111001101101001001010001111000111100011001111111111100111101110010111011111110110111100110101110111111110110011111010101111100110111111110111010110011110110111111101110100111011110011111111111001100011110001111000101001001
1011011001111001101011111000101000111110101100111100110110100100101000111100011110001100111111111110011110111001011101111111011011110011010111011111111011001111101010111110011011111111011101011001111011011111110111010011101111001111111111100110001111000111100010100100
0101101100111100110101111100010100011111010110011110011011010010010100011110001111000110011111111111001111011100101110111111101101111001101011101111111101100111110101011111001101111111101110101100111101101111111011101001110111100111111111110011000111100011110001010010
0010110110011110011010111110001010001111101011001111001101101001001010001111000111100011001111111111100111101110010111011111110110111100110101110111111110110011111010101111100110111111110111010110011110110111111101110100111011110011111111111001100011110001111000101001
1001011011001111001101011111000101000111110101100111100110110100100101000111100011110001100111111111110011110111001011101111111011011110011010111011111111011001111101010111110011011111111011101011001111011011111110111010011101111001111111111100110001111000111100010100
0100101101100111100110101111100010100011111010110011110011011010010010100011110001111000110011111111111001111011100101110111111101101111001101011101111111101100111110101011111001101111111101110101100111101101111111011101001110111100111111111110011000111100011110001010
0010010110110011110011010111110001010001111101011001111001101101001001010001111000111100011001111111111100111101110010111011111110110111100110101110111111110110011111010101111100110111111110111010110011110110111111101110100111011110011111111111001100011110001111000101
1001001011011001111001101011111000101000111110101100111100110110100100101000111100011110001100111111111110011110111001011101111111011011110011010111011111111011001111101010111110011011111111011101011001111011011111110111010011101111001111111111100110001111000111100010
0100100101101100111100110101111100010100011111010110011110011011010010010100011110001111000110011111111111001111011100101110111111101101111001101011101111111101100111110101011111001101111111101110101100111101101111111011101001110111100111111111110011000111100011110001
1010010010110110011110011010111110001010001111101011001111001101101001001010001111000111100011001111111111100111101110010111011111110110111100110101110111111110110011111010101111100110111111110111010110011110110111111101110100111011110011111111111001100011110001111000
0101001001011011001111001101011111000101000111110101100111100110110100100101000111100011110001100111111111110011110111001011101111111011011110011010111011111111011001111101010111110011011111111011101011001111011011111110111010011101111001111111111100110001111000111100
0010100100101101100111100110101111100010100011111010110011110011011010010010100011110001111000110011111111111001111011100101110111111101101111001101011101111111101100111110101011111001101111111101110101100111101101111111011101001110111100111111111110011000111100011110
0001010010010110110011110011010111110001010001111101011001111001101101001001010001111000111100011001111111111100111101110010111011111110110111100110101110111111110110011111010101111100110111111110111010110011110110111111101110100111011110011111111111001100011110001111
1000101001001011011001111001101011111000101000111110101100111100110110100100101000111100011110001100111111111110011110111001011101111111011011110011010111011111111011001111101010111110011011111111011101011001111011011111110111010011101111001111111111100110001111000111
1100010100100101101100111100110101111100010100011111010110011110011011010010010100011110001111000110011111111111001111011100101110111111101101111001101011101111111101100111110101011111001101111111101110101100111101101111111011101001110111100111111111110011000111100011
1110001010010010110110011110011010111110001010001111101011001111001101101001001010001111000111100011001111111111100111101110010111011111110110111100110101110111111110110011111010101111100110111111110111010110011110110111111101110100111011110011111111111001100011110001
1111000101001001011011001111001101011111000101000111110101100111100110110100100101000111100011110001100111111111110011110111001011101111111011011110011010111011111111011001111101010111110011011111111011101011001111011011111110111010011101111001111111111100110001111000
0111100010100100101101100111100110101111100010100011111010110011110011011010010010100011110001111000110011111111111001111011100101110111111101101111001101011101111111101100111110101011111001101111111101110101100111101101111111011101001110111100111111111110011000111100
0011110001010010010110110011110011010111110001010001111101011001111001101101001001010001111000111100011001111111111100111101110010111011111110110111100110101110111111110110011111010101111100110111111110111010110011110110111111101110100111011110011111111111001100011110
0001111000101001001011011001111001101011111000101000111110101100111100110110100100101000111100011110001100111111111110011110111001011101111111011011110011010111011111111011001111101010111110011011111111011101011001111011011111110111010011101111001111111111100110001111
1000111100010100100101101100111100110101111100010100011111010110011110011011010010010100011110001111000110011111111111001111011100101110111111101101111001101011101111111101100111110101011111001101111111101110101100111101101111111011101001110111100111111111110011000111
1100011110001010010010110110011110011010111110001010001111101011001111001101101001001010001111000111100011001111111111100111101110010111011111110110111100110101110111111110110011111010101111100110111111110111010110011110110111111101110100111011110011111111111001100011
1110001111000101001001011011001111001101011111000101000111110101100111100110110100100101000111100011110001100111111111110011110111001011101111111011011110011010111011111111011001111101010111110011011111111011101011001111011011111110111010011101111001111111111100110001
1111000111100010100100101101100111100110101111100010100011111010110011110011011010010010100011110001111000110011111111111001111011100101110111111101101111001101011101111111101100111110101011111001101111111101110101100111101101111111011101001110111100111111111110011000
0111100011110001010010010110110011110011010111110001010001111101011001111001101101001001010001111000111100011001111111111100111101110010111011111110110111100110101110111111110110011111010101111100110111111110111010110011110110111111101110100111011110011111111111001100
0011110001111000101001001011011001111001101011111000101000111110101100111100110110100100101000111100011110001100111111111110011110111001011101111111011011110011010111011111111011001111101010111110011011111111011101011001111011011111110111010011101111001111111111100110
0001111000111100010100100101101100111100110101111100010100011111010110011110011011010010010100011110001111000110011111111111001111011100101110111111101101111001101011101111111101100111110101011111001101111111101110101100111101101111111011101001110111100111111111110011
1000111100011110001010010010110110011110011010111110001010001111101011001111001101101001001010001111000111100011001111111111100111101110010111011111110110111100110101110111111110110011111010101111100110111111110111010110011110110111111101110100111011110011111111111001
1100011110001111000101001001011011001111001101011111000101000111110101100111100110110100100101000111100011110001100111111111110011110111001011101111111011011110011010111011111111011001111101010111110011011111111011101011001111011011111110111010011101111001111111111100
0110001111000111100010100100101101100111100110101111100010100011111010110011110011011010010010100011110001111000110011111111111001111011100101110111111101101111001101011101111111101100111110101011111001101111111101110101100111101101111111011101001110111100111111111110
0011000111100011110001010010010110110011110011010111110001010001111101011001111001101101001001010001111000111100011001111111111100111101110010111011111110110111100110101110111111110110011111010101111100110111111110111010110011110110111111101110100111011110011111111111
1001100011110001111000101001001011011001111001101011111000101000111110101100111100110110100100101000111100011110001100111111111110011110111001011101111111011011110011010111011111111011001111101010111110011011111111011101011001111011011111110111010011101111001111111111
1100110001111000111100010100100101101100111100110101111100010100011111010110011110011011010010010100011110001111000110011111111111001111011100101110111111101101111001101011101111111101100111110101011111001101111111101110101100111101101111111011101001110111100111111111
1110011000111100011110001010010010110110011110011010111110001010001111101011001111001101101001001010001111000111100011001111111111100111101110010111011111110110111100110101110111111110110011111010101111100110111111110111010110011110110111111101110100111011110011111111
1111001100011110001111000101001001011011001111001101011111000101000111110101100111100110110100100101000111100011110001100111111111110011110111001011101111111011011110011010111011111111011001111101010111110011011111111011101011001111011011111110111010011101111001111111
1111100110001111000111100010100100101101100111100110101111100010100011111010110011110011011010010010100011110001111000110011111111111001111011100101110111111101101111001101011101111111101100111110101011111001101111111101110101100111101101111111011101001110111100111111
1111110011000111100011110001010010010110110011110011010111110001010001111101011001111001101101001001010001111000111100011001111111111100111101110010111011111110110111100110101110111111110110011111010101111100110111111110111010110011110110111111101110100111011110011111
1111111001100011110001111000101001001011011001111001101011111000101000111110101100111100110110100100101000111100011110001100111111111110011110111001011101111111011011110011010111011111111011001111101010111110011011111111011101011001111011011111110111010011101111001111
1111111100110001111000111100010100100101101100111100110101111100010100011111010110011110011011010010010100011110001111000110011111111111001111011100101110111111101101111001101011101111111101100111110101011111001101111111101110101100111101101111111011101001110111100111
1111111110011000111100011110001010010010110110011110011010111110001010001111101011001111001101101001001010001111000111100011001111111111100111101110010111011111110110111100110101110111111110110011111010101111100110111111110111010110011110110111111101110100111011110011
1111111111001100011110001111000101001001011011001111001101011111000101000111110101100111100110110100100101000111100011110001100111111111110011110111001011101111111011011110011010111011111111011001111101010111110011011111111011101011001111011011111110111010011101111001
1111111111100110001111000111100010100100101101100111100110101111100010100011111010110011110011011010010010100011110001111000110011111111111001111011100101110111111101101111001101011101111111101100111110101011111001101111111101110101100111101101111111011101001110111100
0111111111110011000111100011110001010010010110110011110011010111110001010001111101011001111001101101001001010001111000111100011001111111111100111101110010111011111110110111100110101110111111110110011111010101111100110111111110111010110011110110111111101110100111011110
0011111111111001100011110001111000101001001011011001111001101011111000101000111110101100111100110110100100101000111100011110001100111111111110011110111001011101111111011011110011010111011111111011001111101010111110011011111111011101011001111011011111110111010011101111
1001111111111100110001111000111100010100100101101100111100110101111100010100011111010110011110011011010010010100011110001111000110011111111111001111011100101110111111101101111001101011101111111101100111110101011111001101111111101110101100111101101111111011101001110111
1100111111111110011000111100011110001010010010110110011110011010111110001010001111101011001111001101101001001010001111000111100011001111111111100111101110010111011111110110111100110101110111111110110011111010101111100110111111110111010110011110110111111101110100111011
1110011111111111001100011110001111000101001001011011001111001101011111000101000111110101100111100110110100100101000111100011110001100111111111110011110111001011101111111011011110011010111011111111011001111101010111110011011111111011101011001111011011111110111010011101
1111001111111111100110001111000111100010100100101101100111100110101111100010100011111010110011110011011010010010100011110001111000110011111111111001111011100101110111111101101111001101011101111111101100111110101011111001101111111101110101100111101101111111011101001110
0111100111111111110011000111100011110001010010010110110011110011010111110001010001111101011001111001101101001001010001111000111100011001111111111100111101110010111011111110110111100110101110111111110110011111010101111100110111111110111010110011110110111111101110100111
1011110011111111111001100011110001111000101001001011011001111001101011111000101000111110101100111100110110100100101000111100011110001100111111111110011110111001011101111111011011110011010111011111111011001111101010111110011011111111011101011001111011011111110111010011
1101111001111111111100110001111000111100010100100101101100111100110101111100010100011111010110011110011011010010010100011110001111000110011111111111001111011100101110111111101101111001101011101111111101100111110101011111001101111111101110101100111101101111111011101001
1110111100111111111110011000111100011110001010010010110110011110011010111110001010001111101011001111001101101001001010001111000111100011001111111111100111101110010111011111110110111100110101110111111110110011111010101111100110111111110111010110011110110111111101110100
0111011110011111111111001100011110001111000101001001011011001111001101011111000101000111110101100111100110110100100101000111100011110001100111111111110011110111001011101111111011011110011010111011111111011001111101010111110011011111111011101011001111011011111110111010
0011101111001111111111100110001111000111100010100100101101100111100110101111100010100011111010110011110011011010010010100011110001111000110011111111111001111011100101110111111101101111001101011101111111101100111110101011111001101111111101110101100111101101111111011101
1001110111100111111111110011000111100011110001010010010110110011110011010111110001010001111101011001111001101101001001010001111000111100011001111111111100111101110010111011111110110111100110101110111111110110011111010101111100110111111110111010110011110110111111101110
0100111011110011111111111001100011110001111000101001001011011001111001101011111000101000111110101100111100110110100100101000111100011110001100111111111110011110111001011101111111011011110011010111011111111011001111101010111110011011111111011101011001111011011111110111
1010011101111001111111111100110001111000111100010100100101101100111100110101111100010100011111010110011110011011010010010100011110001111000110011111111111001111011100101110111111101101111001101011101111111101100111110101011111001101111111101110101100111101101111111011
1101001110111100111111111110011000111100011110001010010010110110011110011010111110001010001111101011001111001101101001001010001111000111100011001111111111100111101110010111011111110110111100110101110111111110110011111010101111100110111111110111010110011110110111111101
1110100111011110011111111111001100011110001111000101001001011011001111001101011111000101000111110101100111100110110100100101000111100011110001100111111111110011110111001011101111111011011110011010111011111111011001111101010111110011011111111011101011001111011011111110
0111010011101111001111111111100110001111000111100010100100101101100111100110101111100010100011111010110011110011011010010010100011110001111000110011111111111001111011100101110111111101101111001101011101111111101100111110101011111001101111111101110101100111101101111111
1011101001110111100111111111110011000111100011110001010010010110110011110011010111110001010001111101011001111001101101001001010001111000111100011001111111111100111101110010111011111110110111100110101110111111110110011111010101111100110111111110111010110011110110111111
1101110100111011110011111111111001100011110001111000101001001011011001111001101011111000101000111110101100111100110110100100101000111100011110001100111111111110011110111001011101111111011011110011010111011111111011001111101010111110011011111111011101011001111011011111
1110111010011101111001111111111100110001111000111100010100100101101100111100110101111100010100011111010110011110011011010010010100011110001111000110011111111111001111011100101110111111101101111001101011101111111101100111110101011111001101111111101110101100111101101111
1111011101001110111100111111111110011000111100011110001010010010110110011110011010111110001010001111101011001111001101101001001010001111000111100011001111111111100111101110010111011111110110111100110101110111111110110011111010101111100110111111110111010110011110110111
1111101110100111011110011111111111001100011110001111000101001001011011001111001101011111000101000111110101100111100110110100100101000111100011110001100111111111110011110111001011101111111011011110011010111011111111011001111101010111110011011111111011101011001111011011
1111110111010011101111001111111111100110001111000111100010100100101101100111100110101111100010100011111010110011110011011010010010100011110001111000110011111111111001111011100101110111111101101111001101011101111111101100111110101011111001101111111101110101100111101101
1111111011101001110111100111111111110011000111100011110001010010010110110011110011010111110001010001111101011001111001101101001001010001111000111100011001111111111100111101110010111011111110110111100110101110111111110110011111010101111100110111111110111010110011110110
0111111101110100111011110011111111111001100011110001111000101001001011011001111001101011111000101000111110101100111100110110100100101000111100011110001100111111111110011110111001011101111111011011110011010111011111111011001111101010111110011011111111011101011001111011
1011111110111010011101111001111111111100110001111000111100010100100101101100111100110101111100010100011111010110011110011011010010010100011110001111000110011111111111001111011100101110111111101101111001101011101111111101100111110101011111001101111111101110101100111101
1101111111011101001110111100111111111110011000111100011110001010010010110110011110011010111110001010001111101011001111001101101001001010001111000111100011001111111111100111101110010111011111110110111100110101110111111110110011111010101111100110111111110111010110011110
0110111111101110100111011110011111111111001100011110001111000101001001011011001111001101011111000101000111110101100111100110110100100101000111100011110001100111111111110011110111001011101111111011011110011010111011111111011001111101010111110011011111111011101011001111
1011011111110111010011101111001111111111100110001111000111100010100100101101100111100110101111100010100011111010110011110011011010010010100011110001111000110011111111111001111011100101110111111101101111001101011101111111101100111110101011111001101111111101110101100111
1101101111111011101001110111100111111111110011000111100011110001010010010110110011110011010111110001010001111101011001111001101101001001010001111000111100011001111111111100111101110010111011111110110111100110101110111111110110011111010101111100110111111110111010110011
1110110111111101110100111011110011111111111001100011110001111000101001001011011001111001101011111000101000111110101100111100110110100100101000111100011110001100111111111110011110111001011101111111011011110011010111011111111011001111101010111110011011111111011101011001
1111011011111110111010011101111001111111111100110001111000111100010100100101101100111100110101111100010100011111010110011110011011010010010100011110001111000110011111111111001111011100101110111111101101111001101011101111111101100111110101011111001101111111101110101100
0111101101111111011101001110111100111111111110011000111100011110001010010010110110011110011010111110001010001111101011001111001101101001001010001111000111100011001111111111100111101110010111011111110110111100110101110111111110110011111010101111100110111111110111010110
0011110110111111101110100111011110011111111111001100011110001111000101001001011011001111001101011111000101000111110101100111100110110100100101000111100011110001100111111111110011110111001011101111111011011110011010111011111111011001111101010111110011011111111011101011
1001111011011111110111010011101111001111111111100110001111000111100010100100101101100111100110101111100010100011111010110011110011011010010010100011110001111000110011111111111001111011100101110111111101101111001101011101111111101100111110101011111001101111111101110101
1100111101101111111011101001110111100111111111110011000111100011110001010010010110110011110011010111110001010001111101011001111001101101001001010001111000111100011001111111111100111101110010111011111110110111100110101110111111110110011111010101111100110111111110111010
0110011110110111111101110100111011110011111111111001100011110001111000101001001011011001111001101011111000101000111110101100111100110110100100101000111100011110001100111111111110011110111001011101111111011011110011010111011111111011001111101010111110011011111111011101
1011001111011011111110111010011101111001111111111100110001111000111100010100100101101100111100110101111100010100011111010110011110011011010010010100011110001111000110011111111111001111011100101110111111101101111001101011101111111101100111110101011111001101111111101110
0101100111101101111111011101001110111100111111111110011000111100011110001010010010110110011110011010111110001010001111101011001111001101101001001010001111000111100011001111111111100111101110010111011111110110111100110101110111111110110011111010101111100110111111110111
1010110011110110111111101110100111011110011111111111001100011110001111000101001001011011001111001101011111000101000111110101100111100110110100100101000111100011110001100111111111110011110111001011101111111011011110011010111011111111011001111101010111110011011111111011
1101011001111011011111110111010011101111001111111111100110001111000111100010100100101101100111100110101111100010100011111010110011110011011010010010100011110001111000110011111111111001111011100101110111111101101111001101011101111111101100111110101011111001101111111101
1110101100111101101111111011101001110111100111111111110011000111100011110001010010010110110011110011010111110001010001111101011001111001101101001001010001111000111100011001111111111100111101110010111011111110110111100110101110111111110110011111010101111100110111111110
0111010110011110110111111101110100111011110011111111111001100011110001111000101001001011011001111001101011111000101000111110101100111100110110100100101000111100011110001100111111111110011110111001011101111111011011110011010111011111111011001111101010111110011011111111
1011101011001111011011111110111010011101111001111111111100110001111000111100010100100101101100111100110101111100010100011111010110011110011011010010010100011110001111000110011111111111001111011100101110111111101101111001101011101111111101100111110101011111001101111111
1101110101100111101101111111011101001110111100111111111110011000111100011110001010010010110110011110011010111110001010001111101011001111001101101001001010001111000111100011001111111111100111101110010111011111110110111100110101110111111110110011111010101111100110111111
1110111010110011110110111111101110100111011110011111111111001100011110001111000101001001011011001111001101011111000101000111110101100111100110110100100101000111100011110001100111111111110011110111001011101111111011011110011010111011111111011001111101010111110011011111
1111011101011001111011011111110111010011101111001111111111100110001111000111100010100100101101100111100110101111100010100011111010110011110011011010010010100011110001111000110011111111111001111011100101110111111101101111001101011101111111101100111110101011111001101111
1111101110101100111101101111111011101001110111100111111111110011000111100011110001010010010110110011110011010111110001010001111101011001111001101101001001010001111000111100011001111111111100111101110010111011111110110111100110101110111111110110011111010101111100110111
1111110111010110011110110111111101110100111011110011111111111001100011110001111000101001001011011001111001101011111000101000111110101100111100110110100100101000111100011110001100111111111110011110111001011101111111011011110011010111011111111011001111101010111110011011
1111111011101011001111011011111110111010011101111001111111111100110001111000111100010100100101101100111100110101111100010100011111010110011110011011010010010100011110001111000110011111111111001111011100101110111111101101111001101011101111111101100111110101011111001101
1111111101110101100111101101111111011101001110111100111111111110011000111100011110001010010010110110011110011010111110001010001111101011001111001101101001001010001111000111100011001111111111100111101110010111011111110110111100110101110111111110110011111010101111100110
0111111110111010110011110110111111101110100111011110011111111111001100011110001111000101001001011011001111001101011111000101000111110101100111100110110100100101000111100011110001100111111111110011110111001011101111111011011110011010111011111111011001111101010111110011
1011111111011101011001111011011111110111010011101111001111111111100110001111000111100010100100101101100111100110101111100010100011111010110011110011011010010010100011110001111000110011111111111001111011100101110111111101101111001101011101111111101100111110101011111001
1101111111101110101100111101101111111011101001110111100111111111110011000111100011110001010010010110110011110011010111110001010001111101011001111001101101001001010001111000111100011001111111111100111101110010111011111110110111100110101110111111110110011111010101111100
0110111111110111010110011110110111111101110100111011110011111111111001100011110001111000101001001011011001111001101011111000101000111110101100111100110110100100101000111100011110001100111111111110011110111001011101111111011011110011010111011111111011001111101010111110
0011011111111011101011001111011011111110111010011101111001111111111100110001111000111100010100100101101100111100110101111100010100011111010110011110011011010010010100011110001111000110011111111111001111011100101110111111101101111001101011101111111101100111110101011111
1001101111111101110101100111101101111111011101001110111100111111111110011000111100011110001010010010110110011110011010111110001010001111101011001111001101101001001010001111000111100011001111111111100111101110010111011111110110111100110101110111111110110011111010101111
1100110111111110111010110011110110111111101110100111011110011111111111001100011110001111000101001001011011001111001101011111000101000111110101100111100110110100100101000111100011110001100111111111110011110111001011101111111011011110011010111011111111011001111101010111
1110011011111111011101011001111011011111110111010011101111001111111111100110001111000111100010100100101101100111100110101111100010100011111010110011110011011010010010100011110001111000110011111111111001111011100101110111111101101111001101011101111111101100111110101011
1111001101111111101110101100111101101111111011101001110111100111111111110011000111100011110001010010010110110011110011010111110001010001111101011001111001101101001001010001111000111100011001111111111100111101110010111011111110110111100110101110111111110110011111010101
1111100110111111110111010110011110110111111101110100111011110011111111111001100011110001111000101001001011011001111001101011111000101000111110101100111100110110100100101000111100011110001100111111111110011110111001011101111111011011110011010111011111111011001111101010
0111110011011111111011101011001111011011111110111010011101111001111111111100110001111000111100010100100101101100111100110101111100010100011111010110011110011011010010010100011110001111000110011111111111001111011100101110111111101101111001101011101111111101100111110101
1011111001101111111101110101100111101101111111011101001110111100111111111110011000111100011110001010010010110110011110011010111110001010001111101011001111001101101001001010001111000111100011001111111111100111101110010111011111110110111100110101110111111110110011111010
