0111101111100001001001111101110110111010101101111001111101001101001111111011101110101110100001101011011111110011111110110101100001011101011101110111111100101100101111100111101101010111011011101111100100100001111101111
1011110111110000100100111110111011011101010110111100111110100110100111111101110111010111010000110101101111111001111111011010110000101110101110111011111110010110010111110011110110101011101101110111110010010000111110111
1101111011111000010010011111011101101110101011011110011111010011010011111110111011101011101000011010110111111100111111101101011000010111010111011101111111001011001011111001111011010101110110111011111001001000011111011
1110111101111100001001001111101110110111010101101111001111101001101001111111011101110101110100001101011011111110011111110110101100001011101011101110111111100101100101111100111101101010111011011101111100100100001111101
1111011110111110000100100111110111011011101010110111100111110100110100111111101110111010111010000110101101111111001111111011010110000101110101110111011111110010110010111110011110110101011101101110111110010010000111110
0111101111011111000010010011111011101101110101011011110011111010011010011111110111011101011101000011010110111111100111111101101011000010111010111011101111111001011001011111001111011010101110110111011111001001000011111
1011110111101111100001001001111101110110111010101101111001111101001101001111111011101110101110100001101011011111110011111110110101100001011101011101110111111100101100101111100111101101010111011011101111100100100001111
1101111011110111110000100100111110111011011101010110111100111110100110100111111101110111010111010000110101101111111001111111011010110000101110101110111011111110010110010111110011110110101011101101110111110010010000111
1110111101111011111000010010011111011101101110101011011110011111010011010011111110111011101011101000011010110111111100111111101101011000010111010111011101111111001011001011111001111011010101110110111011111001001000011
1111011110111101111100001001001111101110110111010101101111001111101001101001111111011101110101110100001101011011111110011111110110101100001011101011101110111111100101100101111100111101101010111011011101111100100100001
1111101111011110111110000100100111110111011011101010110111100111110100110100111111101110111010111010000110101101111111001111111011010110000101110101110111011111110010110010111110011110110101011101101110111110010010000
0111110111101111011111000010010011111011101101110101011011110011111010011010011111110111011101011101000011010110111111100111111101101011000010111010111011101111111001011001011111001111011010101110110111011111001001000
0011111011110111101111100001001001111101110110111010101101111001111101001101001111111011101110101110100001101011011111110011111110110101100001011101011101110111111100101100101111100111101101010111011011101111100100100
0001111101111011110111110000100100111110111011011101010110111100111110100110100111111101110111010111010000110101101111111001111111011010110000101110101110111011111110010110010111110011110110101011101101110111110010010
0000111110111101111011111000010010011111011101101110101011011110011111010011010011111110111011101011101000011010110111111100111111101101011000010111010111011101111111001011001011111001111011010101110110111011111001001
1000011111011110111101111100001001001111101110110111010101101111001111101001101001111111011101110101110100001101011011111110011111110110101100001011101011101110111111100101100101111100111101101010111011011101111100100
0100001111101111011110111110000100100111110111011011101010110111100111110100110100111111101110111010111010000110101101111111001111111011010110000101110101110111011111110010110010111110011110110101011101101110111110010
0010000111110111101111011111000010010011111011101101110101011011110011111010011010011111110111011101011101000011010110111111100111111101101011000010111010111011101111111001011001011111001111011010101110110111011111001
1001000011111011110111101111100001001001111101110110111010101101111001111101001101001111111011101110101110100001101011011111110011111110110101100001011101011101110111111100101100101111100111101101010111011011101111100
0100100001111101111011110111110000100100111110111011011101010110111100111110100110100111111101110111010111010000110101101111111001111111011010110000101110101110111011111110010110010111110011110110101011101101110111110
0010010000111110111101111011111000010010011111011101101110101011011110011111010011010011111110111011101011101000011010110111111100111111101101011000010111010111011101111111001011001011111001111011010101110110111011111
1001001000011111011110111101111100001001001111101110110111010101101111001111101001101001111111011101110101110100001101011011111110011111110110101100001011101011101110111111100101100101111100111101101010111011011101111
1100100100001111101111011110111110000100100111110111011011101010110111100111110100110100111111101110111010111010000110101101111111001111111011010110000101110101110111011111110010110010111110011110110101011101101110111
1110010010000111110111101111011111000010010011111011101101110101011011110011111010011010011111110111011101011101000011010110111111100111111101101011000010111010111011101111111001011001011111001111011010101110110111011
1111001001000011111011110111101111100001001001111101110110111010101101111001111101001101001111111011101110101110100001101011011111110011111110110101100001011101011101110111111100101100101111100111101101010111011011101
1111100100100001111101111011110111110000100100111110111011011101010110111100111110100110100111111101110111010111010000110101101111111001111111011010110000101110101110111011111110010110010111110011110110101011101101110
0111110010010000111110111101111011111000010010011111011101101110101011011110011111010011010011111110111011101011101000011010110111111100111111101101011000010111010111011101111111001011001011111001111011010101110110111
1011111001001000011111011110111101111100001001001111101110110111010101101111001111101001101001111111011101110101110100001101011011111110011111110110101100001011101011101110111111100101100101111100111101101010111011011
1101111100100100001111101111011110111110000100100111110111011011101010110111100111110100110100111111101110111010111010000110101101111111001111111011010110000101110101110111011111110010110010111110011110110101011101101
1110111110010010000111110111101111011111000010010011111011101101110101011011110011111010011010011111110111011101011101000011010110111111100111111101101011000010111010111011101111111001011001011111001111011010101110110
0111011111001001000011111011110111101111100001001001111101110110111010101101111001111101001101001111111011101110101110100001101011011111110011111110110101100001011101011101110111111100101100101111100111101101010111011
1011101111100100100001111101111011110111110000100100111110111011011101010110111100111110100110100111111101110111010111010000110101101111111001111111011010110000101110101110111011111110010110010111110011110110101011101
1101110111110010010000111110111101111011111000010010011111011101101110101011011110011111010011010011111110111011101011101000011010110111111100111111101101011000010111010111011101111111001011001011111001111011010101110
0110111011111001001000011111011110111101111100001001001111101110110111010101101111001111101001101001111111011101110101110100001101011011111110011111110110101100001011101011101110111111100101100101111100111101101010111
1011011101111100100100001111101111011110111110000100100111110111011011101010110111100111110100110100111111101110111010111010000110101101111111001111111011010110000101110101110111011111110010110010111110011110110101011
1101101110111110010010000111110111101111011111000010010011111011101101110101011011110011111010011010011111110111011101011101000011010110111111100111111101101011000010111010111011101111111001011001011111001111011010101
1110110111011111001001000011111011110111101111100001001001111101110110111010101101111001111101001101001111111011101110101110100001101011011111110011111110110101100001011101011101110111111100101100101111100111101101010
0111011011101111100100100001111101111011110111110000100100111110111011011101010110111100111110100110100111111101110111010111010000110101101111111001111111011010110000101110101110111011111110010110010111110011110110101
1011101101110111110010010000111110111101111011111000010010011111011101101110101011011110011111010011010011111110111011101011101000011010110111111100111111101101011000010111010111011101111111001011001011111001111011010
0101110110111011111001001000011111011110111101111100001001001111101110110111010101101111001111101001101001111111011101110101110100001101011011111110011111110110101100001011101011101110111111100101100101111100111101101
1010111011011101111100100100001111101111011110111110000100100111110111011011101010110111100111110100110100111111101110111010111010000110101101111111001111111011010110000101110101110111011111110010110010111110011110110
0101011101101110111110010010000111110111101111011111000010010011111011101101110101011011110011111010011010011111110111011101011101000011010110111111100111111101101011000010111010111011101111111001011001011111001111011
1010101110110111011111001001000011111011110111101111100001001001111101110110111010101101111001111101001101001111111011101110101110100001101011011111110011111110110101100001011101011101110111111100101100101111100111101
1101010111011011101111100100100001111101111011110111110000100100111110111011011101010110111100111110100110100111111101110111010111010000110101101111111001111111011010110000101110101110111011111110010110010111110011110
0110101011101101110111110010010000111110111101111011111000010010011111011101101110101011011110011111010011010011111110111011101011101000011010110111111100111111101101011000010111010111011101111111001011001011111001111
1011010101110110111011111001001000011111011110111101111100001001001111101110110111010101101111001111101001101001111111011101110101110100001101011011111110011111110110101100001011101011101110111111100101100101111100111
1101101010111011011101111100100100001111101111011110111110000100100111110111011011101010110111100111110100110100111111101110111010111010000110101101111111001111111011010110000101110101110111011111110010110010111110011
1110110101011101101110111110010010000111110111101111011111000010010011111011101101110101011011110011111010011010011111110111011101011101000011010110111111100111111101101011000010111010111011101111111001011001011111001
1111011010101110110111011111001001000011111011110111101111100001001001111101110110111010101101111001111101001101001111111011101110101110100001101011011111110011111110110101100001011101011101110111111100101100101111100
0111101101010111011011101111100100100001111101111011110111110000100100111110111011011101010110111100111110100110100111111101110111010111010000110101101111111001111111011010110000101110101110111011111110010110010111110
0011110110101011101101110111110010010000111110111101111011111000010010011111011101101110101011011110011111010011010011111110111011101011101000011010110111111100111111101101011000010111010111011101111111001011001011111
1001111011010101110110111011111001001000011111011110111101111100001001001111101110110111010101101111001111101001101001111111011101110101110100001101011011111110011111110110101100001011101011101110111111100101100101111
1100111101101010111011011101111100100100001111101111011110111110000100100111110111011011101010110111100111110100110100111111101110111010111010000110101101111111001111111011010110000101110101110111011111110010110010111
1110011110110101011101101110111110010010000111110111101111011111000010010011111011101101110101011011110011111010011010011111110111011101011101000011010110111111100111111101101011000010111010111011101111111001011001011
1111001111011010101110110111011111001001000011111011110111101111100001001001111101110110111010101101111001111101001101001111111011101110101110100001101011011111110011111110110101100001011101011101110111111100101100101
1111100111101101010111011011101111100100100001111101111011110111110000100100111110111011011101010110111100111110100110100111111101110111010111010000110101101111111001111111011010110000101110101110111011111110010110010
0111110011110110101011101101110111110010010000111110111101111011111000010010011111011101101110101011011110011111010011010011111110111011101011101000011010110111111100111111101101011000010111010111011101111111001011001
1011111001111011010101110110111011111001001000011111011110111101111100001001001111101110110111010101101111001111101001101001111111011101110101110100001101011011111110011111110110101100001011101011101110111111100101100
0101111100111101101010111011011101111100100100001111101111011110111110000100100111110111011011101010110111100111110100110100111111101110111010111010000110101101111111001111111011010110000101110101110111011111110010110
0010111110011110110101011101101110111110010010000111110111101111011111000010010011111011101101110101011011110011111010011010011111110111011101011101000011010110111111100111111101101011000010111010111011101111111001011
1001011111001111011010101110110111011111001001000011111011110111101111100001001001111101110110111010101101111001111101001101001111111011101110101110100001101011011111110011111110110101100001011101011101110111111100101
1100101111100111101101010111011011101111100100100001111101111011110111110000100100111110111011011101010110111100111110100110100111111101110111010111010000110101101111111001111111011010110000101110101110111011111110010
0110010111110011110110101011101101110111110010010000111110111101111011111000010010011111011101101110101011011110011111010011010011111110111011101011101000011010110111111100111111101101011000010111010111011101111111001
1011001011111001111011010101110110111011111001001000011111011110111101111100001001001111101110110111010101101111001111101001101001111111011101110101110100001101011011111110011111110110101100001011101011101110111111100
0101100101111100111101101010111011011101111100100100001111101111011110111110000100100111110111011011101010110111100111110100110100111111101110111010111010000110101101111111001111111011010110000101110101110111011111110
0010110010111110011110110101011101101110111110010010000111110111101111011111000010010011111011101101110101011011110011111010011010011111110111011101011101000011010110111111100111111101101011000010111010111011101111111
1001011001011111001111011010101110110111011111001001000011111011110111101111100001001001111101110110111010101101111001111101001101001111111011101110101110100001101011011111110011111110110101100001011101011101110111111
1100101100101111100111101101010111011011101111100100100001111101111011110111110000100100111110111011011101010110111100111110100110100111111101110111010111010000110101101111111001111111011010110000101110101110111011111
1110010110010111110011110110101011101101110111110010010000111110111101111011111000010010011111011101101110101011011110011111010011010011111110111011101011101000011010110111111100111111101101011000010111010111011101111
1111001011001011111001111011010101110110111011111001001000011111011110111101111100001001001111101110110111010101101111001111101001101001111111011101110101110100001101011011111110011111110110101100001011101011101110111
1111100101100101111100111101101010111011011101111100100100001111101111011110111110000100100111110111011011101010110111100111110100110100111111101110111010111010000110101101111111001111111011010110000101110101110111011
1111110010110010111110011110110101011101101110111110010010000111110111101111011111000010010011111011101101110101011011110011111010011010011111110111011101011101000011010110111111100111111101101011000010111010111011101
1111111001011001011111001111011010101110110111011111001001000011111011110111101111100001001001111101110110111010101101111001111101001101001111111011101110101110100001101011011111110011111110110101100001011101011101110
0111111100101100101111100111101101010111011011101111100100100001111101111011110111110000100100111110111011011101010110111100111110100110100111111101110111010111010000110101101111111001111111011010110000101110101110111
1011111110010110010111110011110110101011101101110111110010010000111110111101111011111000010010011111011101101110101011011110011111010011010011111110111011101011101000011010110111111100111111101101011000010111010111011
1101111111001011001011111001111011010101110110111011111001001000011111011110111101111100001001001111101110110111010101101111001111101001101001111111011101110101110100001101011011111110011111110110101100001011101011101
1110111111100101100101111100111101101010111011011101111100100100001111101111011110111110000100100111110111011011101010110111100111110100110100111111101110111010111010000110101101111111001111111011010110000101110101110
0111011111110010110010111110011110110101011101101110111110010010000111110111101111011111000010010011111011101101110101011011110011111010011010011111110111011101011101000011010110111111100111111101101011000010111010111
1011101111111001011001011111001111011010101110110111011111001001000011111011110111101111100001001001111101110110111010101101111001111101001101001111111011101110101110100001101011011111110011111110110101100001011101011
1101110111111100101100101111100111101101010111011011101111100100100001111101111011110111110000100100111110111011011101010110111100111110100110100111111101110111010111010000110101101111111001111111011010110000101110101
1110111011111110010110010111110011110110101011101101110111110010010000111110111101111011111000010010011111011101101110101011011110011111010011010011111110111011101011101000011010110111111100111111101101011000010111010
0111011101111111001011001011111001111011010101110110111011111001001000011111011110111101111100001001001111101110110111010101101111001111101001101001111111011101110101110100001101011011111110011111110110101100001011101
1011101110111111100101100101111100111101101010111011011101111100100100001111101111011110111110000100100111110111011011101010110111100111110100110100111111101110111010111010000110101101111111001111111011010110000101110
0101110111011111110010110010111110011110110101011101101110111110010010000111110111101111011111000010010011111011101101110101011011110011111010011010011111110111011101011101000011010110111111100111111101101011000010111
1010111011101111111001011001011111001111011010101110110111011111001001000011111011110111101111100001001001111101110110111010101101111001111101001101001111111011101110101110100001101011011111110011111110110101100001011
1101011101110111111100101100101111100111101101010111011011101111100100100001111101111011110111110000100100111110111011011101010110111100111110100110100111111101110111010111010000110101101111111001111111011010110000101
1110101110111011111110010110010111110011110110101011101101110111110010010000111110111101111011111000010010011111011101101110101011011110011111010011010011111110111011101011101000011010110111111100111111101101011000010
0111010111011101111111001011001011111001111011010101110110111011111001001000011111011110111101111100001001001111101110110111010101101111001111101001101001111111011101110101110100001101011011111110011111110110101100001
1011101011101110111111100101100101111100111101101010111011011101111100100100001111101111011110111110000100100111110111011011101010110111100111110100110100111111101110111010111010000110101101111111001111111011010110000
0101110101110111011111110010110010111110011110110101011101101110111110010010000111110111101111011111000010010011111011101101110101011011110011111010011010011111110111011101011101000011010110111111100111111101101011000
0010111010111011101111111001011001011111001111011010101110110111011111001001000011111011110111101111100001001001111101110110111010101101111001111101001101001111111011101110101110100001101011011111110011111110110101100
0001011101011101110111111100101100101111100111101101010111011011101111100100100001111101111011110111110000100100111110111011011101010110111100111110100110100111111101110111010111010000110101101111111001111111011010110
0000101110101110111011111110010110010111110011110110101011101101110111110010010000111110111101111011111000010010011111011101101110101011011110011111010011010011111110111011101011101000011010110111111100111111101101011
1000010111010111011101111111001011001011111001111011010101110110111011111001001000011111011110111101111100001001001111101110110111010101101111001111101001101001111111011101110101110100001101011011111110011111110110101
1100001011101011101110111111100101100101111100111101101010111011011101111100100100001111101111011110111110000100100111110111011011101010110111100111110100110100111111101110111010111010000110101101111111001111111011010
0110000101110101110111011111110010110010111110011110110101011101101110111110010010000111110111101111011111000010010011111011101101110101011011110011111010011010011111110111011101011101000011010110111111100111111101101
1011000010111010111011101111111001011001011111001111011010101110110111011111001001000011111011110111101111100001001001111101110110111010101101111001111101001101001111111011101110101110100001101011011111110011111110110
0101100001011101011101110111111100101100101111100111101101010111011011101111100100100001111101111011110111110000100100111110111011011101010110111100111110100110100111111101110111010111010000110101101111111001111111011
1010110000101110101110111011111110010110010111110011110110101011101101110111110010010000111110111101111011111000010010011111011101101110101011011110011111010011010011111110111011101011101000011010110111111100111111101
1101011000010111010111011101111111001011001011111001111011010101110110111011111001001000011111011110111101111100001001001111101110110111010101101111001111101001101001111111011101110101110100001101011011111110011111110
0110101100001011101011101110111111100101100101111100111101101010111011011101111100100100001111101111011110111110000100100111110111011011101010110111100111110100110100111111101110111010111010000110101101111111001111111
1011010110000101110101110111011111110010110010111110011110110101011101101110111110010010000111110111101111011111000010010011111011101101110101011011110011111010011010011111110111011101011101000011010110111111100111111
1101101011000010111010111011101111111001011001011111001111011010101110110111011111001001000011111011110111101111100001001001111101110110111010101101111001111101001101001111111011101110101110100001101011011111110011111
1110110101100001011101011101110111111100101100101111100111101101010111011011101111100100100001111101111011110111110000100100111110111011011101010110111100111110100110100111111101110111010111010000110101101111111001111
1111011010110000101110101110111011111110010110010111110011110110101011101101110111110010010000111110111101111011111000010010011111011101101110101011011110011111010011010011111110111011101011101000011010110111111100111
1111101101011000010111010111011101111111001011001011111001111011010101110110111011111001001000011111011110111101111100001001001111101110110111010101101111001111101001101001111111011101110101110100001101011011111110011
1111110110101100001011101011101110111111100101100101111100111101101010111011011101111100100100001111101111011110111110000100100111110111011011101010110111100111110100110100111111101110111010111010000110101101111111001
1111111011010110000101110101110111011111110010110010111110011110110101011101101110111110010010000111110111101111011111000010010011111011101101110101011011110011111010011010011111110111011101011101000011010110111111100
0111111101101011000010111010111011101111111001011001011111001111011010101110110111011111001001000011111011110111101111100001001001111101110110111010101101111001111101001101001111111011101110101110100001101011011111110
0011111110110101100001011101011101110111111100101100101111100111101101010111011011101111100100100001111101111011110111110000100100111110111011011101010110111100111110100110100111111101110111010111010000110101101111111
1001111111011010110000101110101110111011111110010110010111110011110110101011101101110111110010010000111110111101111011111000010010011111011101101110101011011110011111010011010011111110111011101011101000011010110111111
1100111111101101011000010111010111011101111111001011001011111001111011010101110110111011111001001000011111011110111101111100001001001111101110110111010101101111001111101001101001111111011101110101110100001101011011111
1110011111110110101100001011101011101110111111100101100101111100111101101010111011011101111100100100001111101111011110111110000100100111110111011011101010110111100111110100110100111111101110111010111010000110101101111
1111001111111011010110000101110101110111011111110010110010111110011110110101011101101110111110010010000111110111101111011111000010010011111011101101110101011011110011111010011010011111110111011101011101000011010110111
1111100111111101101011000010111010111011101111111001011001011111001111011010101110110111011111001001000011111011110111101111100001001001111101110110111010101101111001111101001101001111111011101110101110100001101011011
1111110011111110110101100001011101011101110111111100101100101111100111101101010111011011101111100100100001111101111011110111110000100100111110111011011101010110111100111110100110100111111101110111010111010000110101101
1111111001111111011010110000101110101110111011111110010110010111110011110110101011101101110111110010010000111110111101111011111000010010011111011101101110101011011110011111010011010011111110111011101011101000011010110
0111111100111111101101011000010111010111011101111111001011001011111001111011010101110110111011111001001000011111011110111101111100001001001111101110110111010101101111001111101001101001111111011101110101110100001101011
1011111110011111110110101100001011101011101110111111100101100101111100111101101010111011011101111100100100001111101111011110111110000100100111110111011011101010110111100111110100110100111111101110111010111010000110101
1101111111001111111011010110000101110101110111011111110010110010111110011110110101011101101110111110010010000111110111101111011111000010010011111011101101110101011011110011111010011010011111110111011101011101000011010
0110111111100111111101101011000010111010111011101111111001011001011111001111011010101110110111011111001001000011111011110111101111100001001001111101110110111010101101111001111101001101001111111011101110101110100001101
1011011111110011111110110101100001011101011101110111111100101100101111100111101101010111011011101111100100100001111101111011110111110000100100111110111011011101010110111100111110100110100111111101110111010111010000110
0101101111111001111111011010110000101110101110111011111110010110010111110011110110101011101101110111110010010000111110111101111011111000010010011111011101101110101011011110011111010011010011111110111011101011101000011
1010110111111100111111101101011000010111010111011101111111001011001011111001111011010101110110111011111001001000011111011110111101111100001001001111101110110111010101101111001111101001101001111111011101110101110100001
1101011011111110011111110110101100001011101011101110111111100101100101111100111101101010111011011101111100100100001111101111011110111110000100100111110111011011101010110111100111110100110100111111101110111010111010000
0110101101111111001111111011010110000101110101110111011111110010110010111110011110110101011101101110111110010010000111110111101111011111000010010011111011101101110101011011110011111010011010011111110111011101011101000
0011010110111111100111111101101011000010111010111011101111111001011001011111001111011010101110110111011111001001000011111011110111101111100001001001111101110110111010101101111001111101001101001111111011101110101110100
0001101011011111110011111110110101100001011101011101110111111100101100101111100111101101010111011011101111100100100001111101111011110111110000100100111110111011011101010110111100111110100110100111111101110111010111010
0000110101101111111001111111011010110000101110101110111011111110010110010111110011110110101011101101110111110010010000111110111101111011111000010010011111011101101110101011011110011111010011010011111110111011101011101
1000011010110111111100111111101101011000010111010111011101111111001011001011111001111011010101110110111011111001001000011111011110111101111100001001001111101110110111010101101111001111101001101001111111011101110101110
0100001101011011111110011111110110101100001011101011101110111111100101100101111100111101101010111011011101111100100100001111101111011110111110000100100111110111011011101010110111100111110100110100111111101110111010111
1010000110101101111111001111111011010110000101110101110111011111110010110010111110011110110101011101101110111110010010000111110111101111011111000010010011111011101101110101011011110011111010011010011111110111011101011
1101000011010110111111100111111101101011000010111010111011101111111001011001011111001111011010101110110111011111001001000011111011110111101111100001001001111101110110111010101101111001111101001101001111111011101110101
1110100001101011011111110011111110110101100001011101011101110111111100101100101111100111101101010111011011101111100100100001111101111011110111110000100100111110111011011101010110111100111110100110100111111101110111010
0111010000110101101111111001111111011010110000101110101110111011111110010110010111110011110110101011101101110111110010010000111110111101111011111000010010011111011101101110101011011110011111010011010011111110111011101
1011101000011010110111111100111111101101011000010111010111011101111111001011001011111001111011010101110110111011111001001000011111011110111101111100001001001111101110110111010101101111001111101001101001111111011101110
0101110100001101011011111110011111110110101100001011101011101110111111100101100101111100111101101010111011011101111100100100001111101111011110111110000100100111110111011011101010110111100111110100110100111111101110111
1010111010000110101101111111001111111011010110000101110101110111011111110010110010111110011110110101011101101110111110010010000111110111101111011111000010010011111011101101110101011011110011111010011010011111110111011
1101011101000011010110111111100111111101101011000010111010111011101111111001011001011111001111011010101110110111011111001001000011111011110111101111100001001001111101110110111010101101111001111101001101001111111011101
1110101110100001101011011111110011111110110101100001011101011101110111111100101100101111100111101101010111011011101111100100100001111101111011110111110000100100111110111011011101010110111100111110100110100111111101110
0111010111010000110101101111111001111111011010110000101110101110111011111110010110010111110011110110101011101101110111110010010000111110111101111011111000010010011111011101101110101011011110011111010011010011111110111
1011101011101000011010110111111100111111101101011000010111010111011101111111001011001011111001111011010101110110111011111001001000011111011110111101111100001001001111101110110111010101101111001111101001101001111111011
1101110101110100001101011011111110011111110110101100001011101011101110111111100101100101111100111101101010111011011101111100100100001111101111011110111110000100100111110111011011101010110111100111110100110100111111101
1110111010111010000110101101111111001111111011010110000101110101110111011111110010110010111110011110110101011101101110111110010010000111110111101111011111000010010011111011101101110101011011110011111010011010011111110
0111011101011101000011010110111111100111111101101011000010111010111011101111111001011001011111001111011010101110110111011111001001000011111011110111101111100001001001111101110110111010101101111001111101001101001111111
1011101110101110100001101011011111110011111110110101100001011101011101110111111100101100101111100111101101010111011011101111100100100001111101111011110111110000100100111110111011011101010110111100111110100110100111111
1101110111010111010000110101101111111001111111011010110000101110101110111011111110010110010111110011110110101011101101110111110010010000111110111101111011111000010010011111011101101110101011011110011111010011010011111
1110111011101011101000011010110111111100111111101101011000010111010111011101111111001011001011111001111011010101110110111011111001001000011111011110111101111100001001001111101110110111010101101111001111101001101001111
1111011101110101110100001101011011111110011111110110101100001011101011101110111111100101100101111100111101101010111011011101111100100100001111101111011110111110000100100111110111011011101010110111100111110100110100111
1111101110111010111010000110101101111111001111111011010110000101110101110111011111110010110010111110011110110101011101101110111110010010000111110111101111011111000010010011111011101101110101011011110011111010011010011
1111110111011101011101000011010110111111100111111101101011000010111010111011101111111001011001011111001111011010101110110111011111001001000011111011110111101111100001001001111101110110111010101101111001111101001101001
1111111011101110101110100001101011011111110011111110110101100001011101011101110111111100101100101111100111101101010111011011101111100100100001111101111011110111110000100100111110111011011101010110111100111110100110100
0111111101110111010111010000110101101111111001111111011010110000101110101110111011111110010110010111110011110110101011101101110111110010010000111110111101111011111000010010011111011101101110101011011110011111010011010
0011111110111011101011101000011010110111111100111111101101011000010111010111011101111111001011001011111001111011010101110110111011111001001000011111011110111101111100001001001111101110110111010101101111001111101001101
1001111111011101110101110100001101011011111110011111110110101100001011101011101110111111100101100101111100111101101010111011011101111100100100001111101111011110111110000100100111110111011011101010110111100111110100110
0100111111101110111010111010000110101101111111001111111011010110000101110101110111011111110010110010111110011110110101011101101110111110010010000111110111101111011111000010010011111011101101110101011011110011111010011
1010011111110111011101011101000011010110111111100111111101101011000010111010111011101111111001011001011111001111011010101110110111011111001001000011111011110111101111100001001001111101110110111010101101111001111101001
1101001111111011101110101110100001101011011111110011111110110101100001011101011101110111111100101100101111100111101101010111011011101111100100100001111101111011110111110000100100111110111011011101010110111100111110100
0110100111111101110111010111010000110101101111111001111111011010110000101110101110111011111110010110010111110011110110101011101101110111110010010000111110111101111011111000010010011111011101101110101011011110011111010
0011010011111110111011101011101000011010110111111100111111101101011000010111010111011101111111001011001011111001111011010101110110111011111001001000011111011110111101111100001001001111101110110111010101101111001111101
1001101001111111011101110101110100001101011011111110011111110110101100001011101011101110111111100101100101111100111101101010111011011101111100100100001111101111011110111110000100100111110111011011101010110111100111110
0100110100111111101110111010111010000110101101111111001111111011010110000101110101110111011111110010110010111110011110110101011101101110111110010010000111110111101111011111000010010011111011101101110101011011110011111
1010011010011111110111011101011101000011010110111111100111111101101011000010111010111011101111111001011001011111001111011010101110110111011111001001000011111011110111101111100001001001111101110110111010101101111001111
1101001101001111111011101110101110100001101011011111110011111110110101100001011101011101110111111100101100101111100111101101010111011011101111100100100001111101111011110111110000100100111110111011011101010110111100111
1110100110100111111101110111010111010000110101101111111001111111011010110000101110101110111011111110010110010111110011110110101011101101110111110010010000111110111101111011111000010010011111011101101110101011011110011
1111010011010011111110111011101011101000011010110111111100111111101101011000010111010111011101111111001011001011111001111011010101110110111011111001001000011111011110111101111100001001001111101110110111010101101111001
1111101001101001111111011101110101110100001101011011111110011111110110101100001011101011101110111111100101100101111100111101101010111011011101111100100100001111101111011110111110000100100111110111011011101010110111100
0111110100110100111111101110111010111010000110101101111111001111111011010110000101110101110111011111110010110010111110011110110101011101101110111110010010000111110111101111011111000010010011111011101101110101011011110
0011111010011010011111110111011101011101000011010110111111100111111101101011000010111010111011101111111001011001011111001111011010101110110111011111001001000011111011110111101111100001001001111101110110111010101101111
1001111101001101001111111011101110101110100001101011011111110011111110110101100001011101011101110111111100101100101111100111101101010111011011101111100100100001111101111011110111110000100100111110111011011101010110111
1100111110100110100111111101110111010111010000110101101111111001111111011010110000101110101110111011111110010110010111110011110110101011101101110111110010010000111110111101111011111000010010011111011101101110101011011
1110011111010011010011111110111011101011101000011010110111111100111111101101011000010111010111011101111111001011001011111001111011010101110110111011111001001000011111011110111101111100001001001111101110110111010101101
1111001111101001101001111111011101110101110100001101011011111110011111110110101100001011101011101110111111100101100101111100111101101010111011011101111100100100001111101111011110111110000100100111110111011011101010110
0111100111110100110100111111101110111010111010000110101101111111001111111011010110000101110101110111011111110010110010111110011110110101011101101110111110010010000111110111101111011111000010010011111011101101110101011
1011110011111010011010011111110111011101011101000011010110111111100111111101101011000010111010111011101111111001011001011111001111011010101110110111011111001001000011111011110111101111100001001001111101110110111010101
1101111001111101001101001111111011101110101110100001101011011111110011111110110101100001011101011101110111111100101100101111100111101101010111011011101111100100100001111101111011110111110000100100111110111011011101010
0110111100111110100110100111111101110111010111010000110101101111111001111111011010110000101110101110111011111110010110010111110011110110101011101101110111110010010000111110111101111011111000010010011111011101101110101
1011011110011111010011010011111110111011101011101000011010110111111100111111101101011000010111010111011101111111001011001011111001111011010101110110111011111001001000011111011110111101111100001001001111101110110111010
0101101111001111101001101001111111011101110101110100001101011011111110011111110110101100001011101011101110111111100101100101111100111101101010111011011101111100100100001111101111011110111110000100100111110111011011101
1010110111100111110100110100111111101110111010111010000110101101111111001111111011010110000101110101110111011111110010110010111110011110110101011101101110111110010010000111110111101111011111000010010011111011101101110
0101011011110011111010011010011111110111011101011101000011010110111111100111111101101011000010111010111011101111111001011001011111001111011010101110110111011111001001000011111011110111101111100001001001111101110110111
1010101101111001111101001101001111111011101110101110100001101011011111110011111110110101100001011101011101110111111100101100101111100111101101010111011011101111100100100001111101111011110111110000100100111110111011011
1101010110111100111110100110100111111101110111010111010000110101101111111001111111011010110000101110101110111011111110010110010111110011110110101011101101110111110010010000111110111101111011111000010010011111011101101
1110101011011110011111010011010011111110111011101011101000011010110111111100111111101101011000010111010111011101111111001011001011111001111011010101110110111011111001001000011111011110111101111100001001001111101110110
0111010101101111001111101001101001111111011101110101110100001101011011111110011111110110101100001011101011101110111111100101100101111100111101101010111011011101111100100100001111101111011110111110000100100111110111011
1011101010110111100111110100110100111111101110111010111010000110101101111111001111111011010110000101110101110111011111110010110010111110011110110101011101101110111110010010000111110111101111011111000010010011111011101
1101110101011011110011111010011010011111110111011101011101000011010110111111100111111101101011000010111010111011101111111001011001011111001111011010101110110111011111001001000011111011110111101111100001001001111101110
0110111010101101111001111101001101001111111011101110101110100001101011011111110011111110110101100001011101011101110111111100101100101111100111101101010111011011101111100100100001111101111011110111110000100100111110111
1011011101010110111100111110100110100111111101110111010111010000110101101111111001111111011010110000101110101110111011111110010110010111110011110110101011101101110111110010010000111110111101111011111000010010011111011
1101101110101011011110011111010011010011111110111011101011101000011010110111111100111111101101011000010111010111011101111111001011001011111001111011010101110110111011111001001000011111011110111101111100001001001111101
1110110111010101101111001111101001101001111111011101110101110100001101011011111110011111110110101100001011101011101110111111100101100101111100111101101010111011011101111100100100001111101111011110111110000100100111110
0111011011101010110111100111110100110100111111101110111010111010000110101101111111001111111011010110000101110101110111011111110010110010111110011110110101011101101110111110010010000111110111101111011111000010010011111
1011101101110101011011110011111010011010011111110111011101011101000011010110111111100111111101101011000010111010111011101111111001011001011111001111011010101110110111011111001001000011111011110111101111100001001001111
1101110110111010101101111001111101001101001111111011101110101110100001101011011111110011111110110101100001011101011101110111111100101100101111100111101101010111011011101111100100100001111101111011110111110000100100111
1110111011011101010110111100111110100110100111111101110111010111010000110101101111111001111111011010110000101110101110111011111110010110010111110011110110101011101101110111110010010000111110111101111011111000010010011
1111011101101110101011011110011111010011010011111110111011101011101000011010110111111100111111101101011000010111010111011101111111001011001011111001111011010101110110111011111001001000011111011110111101111100001001001
1111101110110111010101101111001111101001101001111111011101110101110100001101011011111110011111110110101100001011101011101110111111100101100101111100111101101010111011011101111100100100001111101111011110111110000100100
0111110111011011101010110111100111110100110100111111101110111010111010000110101101111111001111111011010110000101110101110111011111110010110010111110011110110101011101101110111110010010000111110111101111011111000010010
0011111011101101110101011011110011111010011010011111110111011101011101000011010110111111100111111101101011000010111010111011101111111001011001011111001111011010101110110111011111001001000011111011110111101111100001001
1001111101110110111010101101111001111101001101001111111011101110101110100001101011011111110011111110110101100001011101011101110111111100101100101111100111101101010111011011101111100100100001111101111011110111110000100
0100111110111011011101010110111100111110100110100111111101110111010111010000110101101111111001111111011010110000101110101110111011111110010110010111110011110110101011101101110111110010010000111110111101111011111000010
0010011111011101101110101011011110011111010011010011111110111011101011101000011010110111111100111111101101011000010111010111011101111111001011001011111001111011010101110110111011111001001000011111011110111101111100001
1001001111101110110111010101101111001111101001101001111111011101110101110100001101011011111110011111110110101100001011101011101110111111100101100101111100111101101010111011011101111100100100001111101111011110111110000
0100100111110111011011101010110111100111110100110100111111101110111010111010000110101101111111001111111011010110000101110101110111011111110010110010111110011110110101011101101110111110010010000111110111101111011111000
0010010011111011101101110101011011110011111010011010011111110111011101011101000011010110111111100111111101101011000010111010111011101111111001011001011111001111011010101110110111011111001001000011111011110111101111100
0001001001111101110110111010101101111001111101001101001111111011101110101110100001101011011111110011111110110101100001011101011101110111111100101100101111100111101101010111011011101111100100100001111101111011110111110
0000100100111110111011011101010110111100111110100110100111111101110111010111010000110101101111111001111111011010110000101110101110111011111110010110010111110011110110101011101101110111110010010000111110111101111011111
1000010010011111011101101110101011011110011111010011010011111110111011101011101000011010110111111100111111101101011000010111010111011101111111001011001011111001111011010101110110111011111001001000011111011110111101111
1100001001001111101110110111010101101111001111101001101001111111011101110101110100001101011011111110011111110110101100001011101011101110111111100101100101111100111101101010111011011101111100100100001111101111011110111
1110000100100111110111011011101010110111100111110100110100111111101110111010111010000110101101111111001111111011010110000101110101110111011111110010110010111110011110110101011101101110111110010010000111110111101111011
1111000010010011111011101101110101011011110011111010011010011111110111011101011101000011010110111111100111111101101011000010111010111011101111111001011001011111001111011010101110110111011111001001000011111011110111101
1111100001001001111101110110111010101101111001111101001101001111111011101110101110100001101011011111110011111110110101100001011101011101110111111100101100101111100111101101010111011011101111100100100001111101111011110
0111110000100100111110111011011101010110111100111110100110100111111101110111010111010000110101101111111001111111011010110000101110101110111011111110010110010111110011110110101011101101110111110010010000111110111101111
1011111000010010011111011101101110101011011110011111010011010011111110111011101011101000011010110111111100111111101101011000010111010111011101111111001011001011111001111011010101110110111011111001001000011111011110111
1101111100001001001111101110110111010101101111001111101001101001111111011101110101110100001101011011111110011111110110101100001011101011101110111111100101100101111100111101101010111011011101111100100100001111101111011
1110111110000100100111110111011011101010110111100111110100110100111111101110111010111010000110101101111111001111111011010110000101110101110111011111110010110010111110011110110101011101101110111110010010000111110111101
1111011111000010010011111011101101110101011011110011111010011010011111110111011101011101000011010110111111100111111101101011000010111010111011101111111001011001011111001111011010101110110111011111001001000011111011110
