010011100100011011011111110000110100110000010101010010101010000011001011000011111110110110001001110010101000111100
101001110010001101101111111000011010011000001010101001010101000001100101100001111111011011000100111001100101001111
010100111001000110110111111100001101001100000101010100101010100000110010110000111111101101100010011100100101111001
001010011100100011011011111110000110100110000010101010010101010000011001011000011111110110110001001111110111101001
100101001110010001101101111111000011010011000001010101001010101000001100101100001111111011011000100110110101111110
110010100111001000110110111111100001101001100000101010100101010100000110010110000111111101101100010011111100110110
111001010011100100011011011111110000110100110000010101010010101010000011001011000011111110110110001001011101001101
011100101001110010001101101111111000011010011000001010101001010101000001100101100001111111011011000100100111101001
001110010100111001000110110111111100001101001100000101010100101010100000110010110000111111101101100011110110101001
100111001010011100100011011011111110000110100110000010101010010101010000011001011000011111110110110000111101110100
010011100101001110010001101101111111000011010011000001010101001010101000001100101100001111111011011001110111011000
001001110010100111001000110110111111100001101001100000101010100101010100000110010110000111111101101100111010110011
000100111001010011100100011011011111110000110100110000010101010010101010000011001011000011111110110111111011111000
100010011100101001110010001101101111111000011010011000001010101001010101000001100101100001111111011010110111110110
110001001110010100111001000110110111111100001101001100000101010100101010100000110010110000111111101101110111111100
011000100111001010011100100011011011111110000110100110000010101010010101010000011001011000011111110111010011011011
101100010011100101001110010001101101111111000011010011000001010101001010101000001100101100001111111010110111011101
110110001001110010100111001000110110111111100001101001100000101010100101010100000110010110000111111100111110101110
011011000100111001010011100100011011011111110000110100110000010101010010101010000011001011000011111110101111011001
101101100010011100101001110010001101101111111000011010011000001010101001010101000001100101100001111110111110111101
110110110001001110010100111001000110110111111100001101001100000101010100101010100000110010110000111111101001001111
111011011000100111001010011100100011011011111110000110100110000010101010010101010000011001011000011111111101111101
111101101100010011100101001110010001101101111111000011010011000001010101001010101000001100101100001111011101111111
111110110110001001110010100111001000110110111111100001101001100000101010100101010100000110010110000111011101001101
111111011011000100111001010011100100011011011111110000110100110000010101010010101010000011001011000011100111101111
111111101101100010011100101001110010001101101111111000011010011000001010101001010101000001100101100000101110110101
011111110110110001001110010100111001000110110111111100001101001100000101010100101010100000110010110001111011011011
001111111011011000100111001010011100100011011011111110000110100110000010101010010101010000011001011001110111101001
000111111101101100010011100101001110010001101101111111000011010011000001010101001010101000001100101100111011101000
000011111110110110001001110010100111001000110110111111100001101001100000101010100101010100000110010110111011111000
100001111111011011000100111001010011100100011011011111110000110100110000010101010010101010000011001010110111110100
110000111111101101100010011100101001110010001101101111111000011010011000001010101001010101000001100100110111111100
011000011111110110110001001110010100111001000110110111111100001101001100000101010100101010100000110011110101101011
101100001111111011011000100111001010011100100011011011111110000110100110000010101010010101010000011001111010100111
010110000111111101101100010011100101001110010001101101111111000011010011000001010101001010101000001101110011011000
001011000011111110110110001001110010100111001000110110111111100001101001100000101010100101010100000111110100110001
100101100001111111011011000100111001010011100100011011011111110000110100110000010101010010101010000011101100111110
110010110000111111101101100010011100101001110010001101101111111000011010011000001010101001010101000001101111001101
011001011000011111110110110001001110010100111001000110110111111100001101001100000101010100101010100001101101101011
001100101100001111111011011000100111001010011100100011011011111110000110100110000010101010010101010001010111110011
000110010110000111111101101100010011100101001110010001101101111111000011010011000001010101001010101001110011011000
000011001011000011111110110110001001110010100111001000110110111111100001101001100000101010100101010101111111111000
000001100101100001111111011011000100111001010011100100011011011111110000110100110000010101010010101010101011110000
100000110010110000111111101101100010011100101001110010001101101111111000011010011000001010101001010101011111001100
010000011001011000011111110110110001001110010100111001000110110111111100001101001100000101010100101011100101110011
101000001100101100001111111011011000100111001010011100100011011011111110000110100110000010101010010100100101101111
010100000110010110000111111101101100010011100101001110010001101101111111000011010011000001010101001010011111010010
101010000011001011000011111110110110001001110010100111001000110110111111100001101001100000101010100101011101010111
010101000001100101100001111111011011000100111001010011100100011011011111110000110100110000010101010011111110110010
101010100000110010110000111111101101100010011100101001110010001101101111111000011010011000001010101000100000111111
010101010000011001011000011111110110110001001110010100111001000110110111111100001101001100000101010100110110001010
001010101000001100101100001111111011011000100111001010011100100011011011111110000110100110000010101011111101111001
100101010100000110010110000111111101101100010011100101001110010001101101111111000011010011000001010101110111010110
010010101010000011001011000011111110110110001001110010100111001000110110111111100001101001100000101011110011101010
101001010101000001100101100001111111011011000100111001010011100100011011011111110000110100110000010100110100011101
010100101010100000110010110000111111101101100010011100101001110010001101101111111000011010011000001010111101111010
101010010101010000011001011000011111110110110001001110010100111001000110110111111100001101001100000101101011011111
010101001010101000001100101100001111111011011000100111001010011100100011011011111110000110100110000011010101111000
101010100101010100000110010110000111111101101100010011100101001110010001101101111111000011010011000001111110110101
010101010010101010000011001011000011111110110110001001110010100111001000110110111111100001101001100001011111011000
001010101001010101000001100101100001111111011011000100111001010011100100011011011111110000110100110000110101110011
000101010100101010100000110010110000111111101101100010011100101001110010001101101111111000011010011001111101010000
000010101010010101010000011001011000011111110110110001001110010100111001000110110111111100001101001101111110110000
000001010101001010101000001100101100001111111011011000100111001010011100100011011011111110000110100111111100101010
100000101010100101010100000110010110000111111101101100010011100101001110010001101101111111000011010010111110101110
110000010101010010101010000011001011000011111110110110001001110010100111001000110110111111100001101001011111010110
011000001010101001010101000001100101100001111111011011000100111001010011100100011011011111110000110101111100111001
001100000101010100101010100000110010110000111111101101100010011100101001110010001101101111111000011010111101001001
100110000010101010010101010000011001011000011111110110110001001110010100111001000110110111111100001100010100111110
010011000001010101001010101000001100101100001111111011011000100111001010011100100011011011111110000111000100111010
101001100000101010100101010100000110010110000111111101101100010011100101001110010001101101111111000011110111001111
110100110000010101010010101010000011001011000011111110110110001001110010100111001000110110111111100001110111011100
011010011000001010101001010101000001100101100001111111011011000100111001010011100100011011011111110000101110111001
001101001100000101010100101010100000110010110000111111101101100010011100101001110010001101101111111001101110101011
000110100110000010101010010101010000011001011000011111110110110001001110010100111001000110110111111101100011001011
000011010011000001010101001010101000001100101100001111111011011000100111001010011100100011011011111110111111001010
100001101001100000101010100101010100000110010110000111111101101100010011100101001110010001101101111111010111101100
110000110100110000010101010010101010000011001011000011111110110110001001110010100111001000110110111111110101001101
111000011010011000001010101001010101000001100101100001111111011011000100111001010011100100011011011111001010111111
111100001101001100000101010100101010100000110010110000111111101101100010011100101001110010001101101111111010101101
111110000110100110000010101010010101010000011001011000011111110110110001001110010100111001000110110111110101011101
111111000011010011000001010101001010101000001100101100001111111011011000100111001010011100100011011011110111001101
111111100001101001100000101010100101010100000110010110000111111101101100010011100101001110010001101101100111010111
011111110000110100110000010101010010101010000011001011000011111110110110001001110010100111001000110110110011010011
101111111000011010011000001010101001010101000001100101100001111111011011000100111001010011100100011010110101110101
110111111100001101001100000101010100101010100000110010110000111111101101100010011100101001110010001101001101101111
011011111110000110100110000010101010010101010000011001011000011111110110110001001110010100111001000110010110101011
101101111111000011010011000001010101001010101000001100101100001111111011011000100111001010011100100011101100110101
110110111111100001101001100000101010100101010100000110010110000111111101101100010011100101001110010001110101101110
011011011111110000110100110000010101010010101010000011001011000011111110110110001001110010100111001001001111110011
001101101111111000011010011000001010101001010101000001100101100001111111011011000100111001010011100101100011101011
000110110111111100001101001100000101010100101010100000110010110000111111101101100010011100101001110010001110111011
100011011011111110000110100110000010101010010101010000011001011000011111110110110001001110010100111000110011101110
010001101101111111000011010011000001010101001010101000001100101100001111111011011000100111001010011101010100111010
001000110110111111100001101001100000101010100101010100000110010110000111111101101100010011100101001111101111001011
100100011011011111110000110100110000010101010010101010000011001011000011111110110110001001110010100111000011110101
110010001101101111111000011010011000001010101001010101000001100101100001111111011011000100111001010010101111110100
111001000110110111111100001101001100000101010100101010100000110010110000111111101101100010011100101000110101001101
011100100011011011111110000110100110000010101010010101010000011001011000011111110110110001001110010100111101001001
001110010001101101111111000011010011000001010101001010101000001100101100001111111011011000100111001010110111011011
100111001000110110111111100001101001100000101010100101010100000110010110000111111101101100010011100101111111110110
010101101010101100001111101100001111111111011001100111001111011101100111011011111110010111100111000010101000000100
111111011111111011111100111111111111111011101100111111111010111110110011111101011111100110101010111111000000000010
000111101111111111010111001111111111000111010011101111110111111111111011000111011101101010001100011110001000000011
100001100101100001111111011011000100111001110011100100011011011111110000110100110000010101010010101011010100000001
011111111110011011110111110100111001111101011111101110110111111111111111110111001110111111010110111110001010000100
000100011011111111110000111111110110010111110010101011001011001011000011111110110111001001111011100110000100000110
011110110110111110101111101111111010011111111111000111011101110001010011001111001111110011101011111110000000100110
101111011101111001010110110111111101101101101100110101010110101110101100110010110000111111111101100010000001000000
101011000111111110110110011001110011100111101011110110111111111001101101100000101011100101010101100110000000001000
111110111010101111111111101111011010111011010100011101111101000110111111111111111100011010111110011100000000010000
110011100100011011011111110000110100110000010101010010101010000011001011000011111110110110001001110011000111000001
010011000001010101001010101000001100101100001111111011011000100111001110011100100011011011111110000110110011000001
011100111001000110111111111100001101011100001101010100101010100000110010111001111111111101110011011100011000000110
