010001001111111111100010010010111101111100100100011111111110110110111000100111010010011111001001011100100011101101101111111111000100100111110111101001001000111111111110010001
101000100111111111110001001001011110111110010010001111111111011011011100010011101001001111100100101110010001110110110111111111100010010011111011110100100100011111111111001000
010100010011111111111000100100101111011111001001000111111111101101101110001001110100100111110010010111001000111011011011111111110001001001111101111010010010001111111111100100
001010001001111111111100010010010111101111100100100011111111110110110111000100111010010011111001001011100100011101101101111111111000100100111110111101001001000111111111110010
000101000100111111111110001001001011110111110010010001111111111011011011100010011101001001111100100101110010001110110110111111111100010010011111011110100100100011111111111001
100010100010011111111111000100100101111011111001001000111111111101101101110001001110100100111110010010111001000111011011011111111110001001001111101111010010010001111111111100
010001010001001111111111100010010010111101111100100100011111111110110110111000100111010010011111001001011100100011101101101111111111000100100111110111101001001000111111111110
001000101000100111111111110001001001011110111110010010001111111111011011011100010011101001001111100100101110010001110110110111111111100010010011111011110100100100011111111111
100100010100010011111111111000100100101111011111001001000111111111101101101110001001110100100111110010010111001000111011011011111111110001001001111101111010010010001111111111
110010001010001001111111111100010010010111101111100100100011111111110110110111000100111010010011111001001011100100011101101101111111111000100100111110111101001001000111111111
111001000101000100111111111110001001001011110111110010010001111111111011011011100010011101001001111100100101110010001110110110111111111100010010011111011110100100100011111111
111100100010100010011111111111000100100101111011111001001000111111111101101101110001001110100100111110010010111001000111011011011111111110001001001111101111010010010001111111
111110010001010001001111111111100010010010111101111100100100011111111110110110111000100111010010011111001001011100100011101101101111111111000100100111110111101001001000111111
111111001000101000100111111111110001001001011110111110010010001111111111011011011100010011101001001111100100101110010001110110110111111111100010010011111011110100100100011111
111111100100010100010011111111111000100100101111011111001001000111111111101101101110001001110100100111110010010111001000111011011011111111110001001001111101111010010010001111
111111110010001010001001111111111100010010010111101111100100100011111111110110110111000100111010010011111001001011100100011101101101111111111000100100111110111101001001000111
111111111001000101000100111111111110001001001011110111110010010001111111111011011011100010011101001001111100100101110010001110110110111111111100010010011111011110100100100011
111111111100100010100010011111111111000100100101111011111001001000111111111101101101110001001110100100111110010010111001000111011011011111111110001001001111101111010010010001
111111111110010001010001001111111111100010010010111101111100100100011111111110110110111000100111010010011111001001011100100011101101101111111111000100100111110111101001001000
011111111111001000101000100111111111110001001001011110111110010010001111111111011011011100010011101001001111100100101110010001110110110111111111100010010011111011110100100100
001111111111100100010100010011111111111000100100101111011111001001000111111111101101101110001001110100100111110010010111001000111011011011111111110001001001111101111010010010
000111111111110010001010001001111111111100010010010111101111100100100011111111110110110111000100111010010011111001001011100100011101101101111111111000100100111110111101001001
100011111111111001000101000100111111111110001001001011110111110010010001111111111011011011100010011101001001111100100101110010001110110110111111111100010010011111011110100100
010001111111111100100010100010011111111111000100100101111011111001001000111111111101101101110001001110100100111110010010111001000111011011011111111110001001001111101111010010
001000111111111110010001010001001111111111100010010010111101111100100100011111111110110110111000100111010010011111001001011100100011101101101111111111000100100111110111101001
100100011111111111001000101000100111111111110001001001011110111110010010001111111111011011011100010011101001001111100100101110010001110110110111111111100010010011111011110100
010010001111111111100100010100010011111111111000100100101111011111001001000111111111101101101110001001110100100111110010010111001000111011011011111111110001001001111101111010
001001000111111111110010001010001001111111111100010010010111101111100100100011111111110110110111000100111010010011111001001011100100011101101101111111111000100100111110111101
100100100011111111111001000101000100111111111110001001001011110111110010010001111111111011011011100010011101001001111100100101110010001110110110111111111100010010011111011110
010010010001111111111100100010100010011111111111000100100101111011111001001000111111111101101101110001001110100100111110010010111001000111011011011111111110001001001111101111
101001001000111111111110010001010001001111111111100010010010111101111100100100011111111110110110111000100111010010011111001001011100100011101101101111111111000100100111110111
110100100100011111111111001000101000100111111111110001001001011110111110010010001111111111011011011100010011101001001111100100101110010001110110110111111111100010010011111011
111010010010001111111111100100010100010011111111111000100100101111011111001001000111111111101101101110001001110100100111110010010111001000111011011011111111110001001001111101
111101001001000111111111110010001010001001111111111100010010010111101111100100100011111111110110110111000100111010010011111001001011100100011101101101111111111000100100111110
011110100100100011111111111001000101000100111111111110001001001011110111110010010001111111111011011011100010011101001001111100100101110010001110110110111111111100010010011111
101111010010010001111111111100100010100010011111111111000100100101111011111001001000111111111101101101110001001110100100111110010010111001000111011011011111111110001001001111
110111101001001000111111111110010001010001001111111111100010010010111101111100100100011111111110110110111000100111010010011111001001011100100011101101101111111111000100100111
111011110100100100011111111111001000101000100111111111110001001001011110111110010010001111111111011011011100010011101001001111100100101110010001110110110111111111100010010011
111101111010010010001111111111100100010100010011111111111000100100101111011111001001000111111111101101101110001001110100100111110010010111001000111011011011111111110001001001
111110111101001001000111111111110010001010001001111111111100010010010111101111100100100011111111110110110111000100111010010011111001001011100100011101101101111111111000100100
011111011110100100100011111111111001000101000100111111111110001001001011110111110010010001111111111011011011100010011101001001111100100101110010001110110110111111111100010010
001111101111010010010001111111111100100010100010011111111111000100100101111011111001001000111111111101101101110001001110100100111110010010111001000111011011011111111110001001
100111110111101001001000111111111110010001010001001111111111100010010010111101111100100100011111111110110110111000100111010010011111001001011100100011101101101111111111000100
010011111011110100100100011111111111001000101000100111111111110001001001011110111110010010001111111111011011011100010011101001001111100100101110010001110110110111111111100010
001001111101111010010010001111111111100100010100010011111111111000100100101111011111001001000111111111101101101110001001110100100111110010010111001000111011011011111111110001
100100111110111101001001000111111111110010001010001001111111111100010010010111101111100100100011111111110110110111000100111010010011111001001011100100011101101101111111111000
010010011111011110100100100011111111111001000101000100111111111110001001001011110111110010010001111111111011011011100010011101001001111100100101110010001110110110111111111100
001001001111101111010010010001111111111100100010100010011111111111000100100101111011111001001000111111111101101101110001001110100100111110010010111001000111011011011111111110
000100100111110111101001001000111111111110010001010001001111111111100010010010111101111100100100011111111110110110111000100111010010011111001001011100100011101101101111111111
100010010011111011110100100100011111111111001000101000100111111111110001001001011110111110010010001111111111011011011100010011101001001111100100101110010001110110110111111111
110001001001111101111010010010001111111111100100010100010011111111111000100100101111011111001001000111111111101101101110001001110100100111110010010111001000111011011011111111
111000100100111110111101001001000111111111110010001010001001111111111100010010010111101111100100100011111111110110110111000100111010010011111001001011100100011101101101111111
111100010010011111011110100100100011111111111001000101000100111111111110001001001011110111110010010001111111111011011011100010011101001001111100100101110010001110110110111111
111110001001001111101111010010010001111111111100100010100010011111111111000100100101111011111001001000111111111101101101110001001110100100111110010010111001000111011011011111
111111000100100111110111101001001000111111111110010001010001001111111111100010010010111101111100100100011111111110110110111000100111010010011111001001011100100011101101101111
111111100010010011111011110100100100011111111111001000101000100111111111110001001001011110111110010010001111111111011011011100010011101001001111100100101110010001110110110111
111111110001001001111101111010010010001111111111100100010100010011111111111000100100101111011111001001000111111111101101101110001001110100100111110010010111001000111011011011
111111111000100100111110111101001001000111111111110010001010001001111111111100010010010111101111100100100011111111110110110111000100111010010011111001001011100100011101101101
111111111100010010011111011110100100100011111111111001000101000100111111111110001001001011110111110010010001111111111011011011100010011101001001111100100101110010001110110110
011111111110001001001111101111010010010001111111111100100010100010011111111111000100100101111011111001001000111111111101101101110001001110100100111110010010111001000111011011
101111111111000100100111110111101001001000111111111110010001010001001111111111100010010010111101111100100100011111111110110110111000100111010010011111001001011100100011101101
110111111111100010010011111011110100100100011111111111001000101000100111111111110001001001011110111110010010001111111111011011011100010011101001001111100100101110010001110110
011011111111110001001001111101111010010010001111111111100100010100010011111111111000100100101111011111001001000111111111101101101110001001110100100111110010010111001000111011
101101111111111000100100111110111101001001000111111111110010001010001001111111111100010010010111101111100100100011111111110110110111000100111010010011111001001011100100011101
110110111111111100010010011111011110100100100011111111111001000101000100111111111110001001001011110111110010010001111111111011011011100010011101001001111100100101110010001110
011011011111111110001001001111101111010010010001111111111100100010100010011111111111000100100101111011111001001000111111111101101101110001001110100100111110010010111001000111
101101101111111111000100100111110111101001001000111111111110010001010001001111111111100010010010111101111100100100011111111110110110111000100111010010011111001001011100100011
110110110111111111100010010011111011110100100100011111111111001000101000100111111111110001001001011110111110010010001111111111011011011100010011101001001111100100101110010001
111011011011111111110001001001111101111010010010001111111111100100010100010011111111111000100100101111011111001001000111111111101101101110001001110100100111110010010111001000
011101101101111111111000100100111110111101001001000111111111110010001010001001111111111100010010010111101111100100100011111111110110110111000100111010010011111001001011100100
001110110110111111111100010010011111011110100100100011111111111001000101000100111111111110001001001011110111110010010001111111111011011011100010011101001001111100100101110010
000111011011011111111110001001001111101111010010010001111111111100100010100010011111111111000100100101111011111001001000111111111101101101110001001110100100111110010010111001
100011101101101111111111000100100111110111101001001000111111111110010001010001001111111111100010010010111101111100100100011111111110110110111000100111010010011111001001011100
010001110110110111111111100010010011111011110100100100011111111111001000101000100111111111110001001001011110111110010010001111111111011011011100010011101001001111100100101110
001000111011011011111111110001001001111101111010010010001111111111100100010100010011111111111000100100101111011111001001000111111111101101101110001001110100100111110010010111
100100011101101101111111111000100100111110111101001001000111111111110010001010001001111111111100010010010111101111100100100011111111110110110111000100111010010011111001001011
110010001110110110111111111100010010011111011110100100100011111111111001000101000100111111111110001001001011110111110010010001111111111011011011100010011101001001111100100101
111001000111011011011111111110001001001111101111010010010001111111111100100010100010011111111111000100100101111011111001001000111111111101101101110001001110100100111110010010
011100100011101101101111111111000100100111110111101001001000111111111110010001010001001111111111100010010010111101111100100100011111111110110110111000100111010010011111001001
101110010001110110110111111111100010010011111011110100100100011111111111001000101000100111111111110001001001011110111110010010001111111111011011011100010011101001001111100100
010111001000111011011011111111110001001001111101111010010010001111111111100100010100010011111111111000100100101111011111001001000111111111101101101110001001110100100111110010
001011100100011101101101111111111000100100111110111101001001000111111111110010001010001001111111111100010010010111101111100100100011111111110110110111000100111010010011111001
100101110010001110110110111111111100010010011111011110100100100011111111111001000101000100111111111110001001001011110111110010010001111111111011011011100010011101001001111100
010010111001000111011011011111111110001001001111101111010010010001111111111100100010100010011111111111000100100101111011111001001000111111111101101101110001001110100100111110
001001011100100011101101101111111111000100100111110111101001001000111111111110010001010001001111111111100010010010111101111100100100011111111110110110111000100111010010011111
100100101110010001110110110111111111100010010011111011110100100100011111111111001000101000100111111111110001001001011110111110010010001111111111011011011100010011101001001111
110010010111001000111011011011111111110001001001111101111010010010001111111111100100010100010011111111111000100100101111011111001001000111111111101101101110001001110100100111
111001001011100100011101101101111111111000100100111110111101001001000111111111110010001010001001111111111100010010010111101111100100100011111111110110110111000100111010010011
111100100101110010001110110110111111111100010010011111011110100100100011111111111001000101000100111111111110001001001011110111110010010001111111111011011011100010011101001001
111110010010111001000111011011011111111110001001001111101111010010010001111111111100100010100010011111111111000100100101111011111001001000111111111101101101110001001110100100
011111001001011100100011101101101111111111000100100111110111101001001000111111111110010001010001001111111111100010010010111101111100100100011111111110110110111000100111010010
001111100100101110010001110110110111111111100010010011111011110100100100011111111111001000101000100111111111110001001001011110111110010010001111111111011011011100010011101001
100111110010010111001000111011011011111111110001001001111101111010010010001111111111100100010100010011111111111000100100101111011111001001000111111111101101101110001001110100
010011111001001011100100011101101101111111111000100100111110111101001001000111111111110010001010001001111111111100010010010111101111100100100011111111110110110111000100111010
001001111100100101110010001110110110111111111100010010011111011110100100100011111111111001000101000100111111111110001001001011110111110010010001111111111011011011100010011101
100100111110010010111001000111011011011111111110001001001111101111010010010001111111111100100010100010011111111111000100100101111011111001001000111111111101101101110001001110
010010011111001001011100100011101101101111111111000100100111110111101001001000111111111110010001010001001111111111100010010010111101111100100100011111111110110110111000100111
101001001111100100101110010001110110110111111111100010010011111011110100100100011111111111001000101000100111111111110001001001011110111110010010001111111111011011011100010011
110100100111110010010111001000111011011011111111110001001001111101111010010010001111111111100100010100010011111111111000100100101111011111001001000111111111101101101110001001
111010010011111001001011100100011101101101111111111000100100111110111101001001000111111111110010001010001001111111111100010010010111101111100100100011111111110110110111000100
011101001001111100100101110010001110110110111111111100010010011111011110100100100011111111111001000101000100111111111110001001001011110111110010010001111111111011011011100010
001110100100111110010010111001000111011011011111111110001001001111101111010010010001111111111100100010100010011111111111000100100101111011111001001000111111111101101101110001
100111010010011111001001011100100011101101101111111111000100100111110111101001001000111111111110010001010001001111111111100010010010111101111100100100011111111110110110111000
010011101001001111100100101110010001110110110111111111100010010011111011110100100100011111111111001000101000100111111111110001001001011110111110010010001111111111011011011100
001001110100100111110010010111001000111011011011111111110001001001111101111010010010001111111111100100010100010011111111111000100100101111011111001001000111111111101101101110
000100111010010011111001001011100100011101101101111111111000100100111110111101001001000111111111110010001010001001111111111100010010010111101111100100100011111111110110110111
100010011101001001111100100101110010001110110110111111111100010010011111011110100100100011111111111001000101000100111111111110001001001011110111110010010001111111111011011011
110001001110100100111110010010111001000111011011011111111110001001001111101111010010010001111111111100100010100010011111111111000100100101111011111001001000111111111101101101
111000100111010010011111001001011100100011101101101111111111000100100111110111101001001000111111111110010001010001001111111111100010010010111101111100100100011111111110110110
011100010011101001001111100100101110010001110110110111111111100010010011111011110100100100011111111111001000101000100111111111110001001001011110111110010010001111111111011011
101110001001110100100111110010010111001000111011011011111111110001001001111101111010010010001111111111100100010100010011111111111000100100101111011111001001000111111111101101
110111000100111010010011111001001011100100011101101101111111111000100100111110111101001001000111111111110010001010001001111111111100010010010111101111100100100011111111110110
011011100010011101001001111100100101110010001110110110111111111100010010011111011110100100100011111111111001000101000100111111111110001001001011110111110010010001111111111011
101101110001001110100100111110010010111001000111011011011111111110001001001111101111010010010001111111111100100010100010011111111111000100100101111011111001001000111111111101
110110111000100111010010011111001001011100100011101101101111111111000100100111110111101001001000111111111110010001010001001111111111100010010010111101111100100100011111111110
011011011100010011101001001111100100101110010001110110110111111111100010010011111011110100100100011111111111001000101000100111111111110001001001011110111110010010001111111111
101101101110001001110100100111110010010111001000111011011011111111110001001001111101111010010010001111111111100100010100010011111111111000100100101111011111001001000111111111
110110110111000100111010010011111001001011100100011101101101111111111000100100111110111101001001000111111111110010001010001001111111111100010010010111101111100100100011111111
111011011011100010011101001001111100100101110010001110110110111111111100010010011111011110100100100011111111111001000101000100111111111110001001001011110111110010010001111111
111101101101110001001110100100111110010010111001000111011011011111111110001001001111101111010010010001111111111100100010100010011111111111000100100101111011111001001000111111
111110110110111000100111010010011111001001011100100011101101101111111111000100100111110111101001001000111111111110010001010001001111111111100010010010111101111100100100011111
111111011011011100010011101001001111100100101110010001110110110111111111100010010011111011110100100100011111111111001000101000100111111111110001001001011110111110010010001111
111111101101101110001001110100100111110010010111001000111011011011111111110001001001111101111010010010001111111111100100010100010011111111111000100100101111011111001001000111
111111110110110111000100111010010011111001001011100100011101101101111111111000100100111110111101001001000111111111110010001010001001111111111100010010010111101111100100100011
111111111011011011100010011101001001111100100101110010001110110110111111111100010010011111011110100100100011111111111001000101000100111111111110001001001011110111110010010001
111111111101101101110001001110100100111110010010111001000111011011011111111110001001001111101111010010010001111111111100100010100010011111111111000100100101111011111001001000
011111111110110110111000100111010010011111001001011100100011101101101111111111000100100111110111101001001000111111111110010001010001001111111111100010010010111101111100100100
001111111111011011011100010011101001001111100100101110010001110110110111111111100010010011111011110100100100011111111111001000101000100111111111110001001001011110111110010010
000111111111101101101110001001110100100111110010010111001000111011011011111111110001001001111101111010010010001111111111100100010100010011111111111000100100101111011111001001
100011111111110110110111000100111010010011111001001011100100011101101101111111111000100100111110111101001001000111111111110010001010001001111111111100010010010111101111100100
010001111111111011011011100010011101001001111100100101110010001110110110111111111100010010011111011110100100100011111111111001000101000100111111111110001001001011110111110010
001000111111111101101101110001001110100100111110010010111001000111011011011111111110001001001111101111010010010001111111111100100010100010011111111111000100100101111011111001
100100011111111110110110111000100111010010011111001001011100100011101101101111111111000100100111110111101001001000111111111110010001010001001111111111100010010010111101111100
010010001111111111011011011100010011101001001111100100101110010001110110110111111111100010010011111011110100100100011111111111001000101000100111111111110001001001011110111110
001001000111111111101101101110001001110100100111110010010111001000111011011011111111110001001001111101111010010010001111111111100100010100010011111111111000100100101111011111
100100100011111111110110110111000100111010010011111001001011100100011101101101111111111000100100111110111101001001000111111111110010001010001001111111111100010010010111101111
110010010001111111111011011011100010011101001001111100100101110010001110110110111111111100010010011111011110100100100011111111111001000101000100111111111110001001001011110111
111001001000111111111101101101110001001110100100111110010010111001000111011011011111111110001001001111101111010010010001111111111100100010100010011111111111000100100101111011
111100100100011111111110110110111000100111010010011111001001011100100011101101101111111111000100100111110111101001001000111111111110010001010001001111111111100010010010111101
111110010010001111111111011011011100010011101001001111100100101110010001110110110111111111100010010011111011110100100100011111111111001000101000100111111111110001001001011110
011111001001000111111111101101101110001001110100100111110010010111001000111011011011111111110001001001111101111010010010001111111111100100010100010011111111111000100100101111
101111100100100011111111110110110111000100111010010011111001001011100100011101101101111111111000100100111110111101001001000111111111110010001010001001111111111100010010010111
110111110010010001111111111011011011100010011101001001111100100101110010001110110110111111111100010010011111011110100100100011111111111001000101000100111111111110001001001011
111011111001001000111111111101101101110001001110100100111110010010111001000111011011011111111110001001001111101111010010010001111111111100100010100010011111111111000100100101
111101111100100100011111111110110110111000100111010010011111001001011100100011101101101111111111000100100111110111101001001000111111111110010001010001001111111111100010010010
011110111110010010001111111111011011011100010011101001001111100100101110010001110110110111111111100010010011111011110100100100011111111111001000101000100111111111110001001001
101111011111001001000111111111101101101110001001110100100111110010010111001000111011011011111111110001001001111101111010010010001111111111100100010100010011111111111000100100
010111101111100100100011111111110110110111000100111010010011111001001011100100011101101101111111111000100100111110111101001001000111111111110010001010001001111111111100010010
001011110111110010010001111111111011011011100010011101001001111100100101110010001110110110111111111100010010011111011110100100100011111111111001000101000100111111111110001001
100101111011111001001000111111111101101101110001001110100100111110010010111001000111011011011111111110001001001111101111010010010001111111111100100010100010011111111111000100
010010111101111100100100011111111110110110111000100111010010011111001001011100100011101101101111111111000100100111110111101001001000111111111110010001010001001111111111100010
001001011110111110010010001111111111011011011100010011101001001111100100101110010001110110110111111111100010010011111011110100100100011111111111001000101000100111111111110001
100100101111011111001001000111111111101101101110001001110100100111110010010111001000111011011011111111110001001001111101111010010010001111111111100100010100010011111111111000
010010010111101111100100100011111111110110110111000100111010010011111001001011100100011101101101111111111000100100111110111101001001000111111111110010001010001001111111111100
001001001011110111110010010001111111111011011011100010011101001001111100100101110010001110110110111111111100010010011111011110100100100011111111111001000101000100111111111110
000100100101111011111001001000111111111101101101110001001110100100111110010010111001000111011011011111111110001001001111101111010010010001111111111100100010100010011111111111
100010010010111101111100100100011111111110110110111000100111010010011111001001011100100011101101101111111111000100100111110111101001001000111111111110010001010001001111111111
110001001001011110111110010010001111111111011011011100010011101001001111100100101110010001110110110111111111100010010011111011110100100100011111111111001000101000100111111111
111000100100101111011111001001000111111111101101101110001001110100100111110010010111001000111011011011111111110001001001111101111010010010001111111111100100010100010011111111
111100010010010111101111100100100011111111110110110111000100111010010011111001001011100100011101101101111111111000100100111110111101001001000111111111110010001010001001111111
111110001001001011110111110010010001111111111011011011100010011101001001111100100101110010001110110110111111111100010010011111011110100100100011111111111001000101000100111111
111111000100100101111011111001001000111111111101101101110001001110100100111110010010111001000111011011011111111110001001001111101111010010010001111111111100100010100010011111
111111100010010010111101111100100100011111111110110110111000100111010010011111001001011100100011101101101111111111000100100111110111101001001000111111111110010001010001001111
111111110001001001011110111110010010001111111111011011011100010011101001001111100100101110010001110110110111111111100010010011111011110100100100011111111111001000101000100111
111111111000100100101111011111001001000111111111101101101110001001110100100111110010010111001000111011011011111111110001001001111101111010010010001111111111100100010100010011
111111111100010010010111101111100100100011111111110110110111000100111010010011111001001011100100011101101101111111111000100100111110111101001001000111111111110010001010001001
111111111110001001001011110111110010010001111111111011011011100010011101001001111100100101110010001110110110111111111100010010011111011110100100100011111111111001000101000100
011111111111000100100101111011111001001000111111111101101101110001001110100100111110010010111001000111011011011111111110001001001111101111010010010001111111111100100010100010
001111111111100010010010111101111100100100011111111110110110111000100111010010011111001001011100100011101101101111111111000100100111110111101001001000111111111110010001010001
100111111111110001001001011110111110010010001111111111011011011100010011101001001111100100101110010001110110110111111111100010010011111011110100100100011111111111001000101000
010011111111111000100100101111011111001001000111111111101101101110001001110100100111110010010111001000111011011011111111110001001001111101111010010010001111111111100100010100
001001111111111100010010010111101111100100100011111111110110110111000100111010010011111001001011100100011101101101111111111000100100111110111101001001000111111111110010001010
000100111111111110001001001011110111110010010001111111111011011011100010011101001001111100100101110010001110110110111111111100010010011111011110100100100011111111111001000101
100010011111111111000100100101111011111001001000111111111101101101110001001110100100111110010010111001000111011011011111111110001001001111101111010010010001111111111100100010
